0.000000000000000000e+00 0.000000000000000000e+00
4.398826979472141192e-03 0.000000000000000000e+00
8.797653958944282385e-03 6.182474218920779724e-02
1.319648093841642444e-02 1.204859107664300738e-01
1.759530791788856477e-02 1.800664961992502755e-01
2.199413489736070509e-02 2.811578369767702701e-01
2.639296187683284889e-02 3.822491777542904035e-01
3.079178885630498921e-02 4.947591602791240328e-01
3.519061583577712954e-02 6.267579759883323831e-01
3.958944281524927333e-02 7.587567916975408444e-01
4.398826979472141019e-02 9.067742773711962023e-01
4.838709677419355398e-02 1.061107317774808267e+00
5.278592375366569778e-02 1.216460765841498759e+00
5.718475073313783463e-02 1.386491287658391913e+00
6.158357771260997843e-02 1.556521809475285734e+00
6.598240469208212222e-02 1.730869544331705256e+00
7.038123167155425908e-02 1.911358898102721637e+00
7.478005865102639593e-02 2.091848251873737574e+00
7.917888563049854667e-02 2.277113772356130994e+00
8.357771260997068352e-02 2.463882921686673111e+00
8.797653958944282038e-02 2.650969294300847157e+00
9.237536656891497111e-02 2.840666474226438698e+00
9.677419354838710797e-02 3.030363654152028907e+00
1.011730205278592448e-01 3.220168059842034136e+00
1.055718475073313956e-01 3.410100323580914417e+00
1.099706744868035324e-01 3.600032587319794253e+00
1.143695014662756693e-01 3.788416716327562384e+00
1.187683284457478061e-01 3.976423191366895704e+00
1.231671554252199569e-01 4.163875699937943153e+00
1.275659824046921076e-01 4.348229648812757198e+00
1.319648093841642444e-01 4.532583597687570354e+00
1.363636363636363813e-01 4.714429059997625515e+00
1.407624633431085182e-01 4.893760607531555173e+00
1.451612903225806550e-01 5.073092155065484832e+00
1.495601173020527919e-01 5.247257875169647257e+00
1.539589442815249287e-01 5.420492107158533024e+00
1.583577712609970933e-01 5.592375500413079514e+00
1.627565982404692302e-01 5.758682354277154580e+00
1.671554252199413670e-01 5.924989208141229646e+00
1.715542521994135039e-01 6.087195925563873899e+00
1.759530791788856408e-01 6.245949003043550718e+00
1.803519061583577776e-01 6.404702080523229313e+00
1.847507331378299422e-01 6.556321363496707022e+00
1.891495601173020791e-01 6.707064010003906951e+00
1.935483870967742159e-01 6.855822207518770028e+00
1.979472140762463528e-01 6.998239288748407283e+00
2.023460410557184896e-01 7.140656369978043649e+00
2.067448680351906265e-01 7.278078012314663781e+00
2.111436950146627911e-01 7.411972290221690685e+00
2.155425219941349280e-01 7.545866568128715812e+00
2.199413489736070648e-01 7.671708937676840812e+00
2.243401759530792017e-01 7.796981372963946555e+00
2.287390029325513385e-01 7.919820156803182520e+00
2.331378299120234754e-01 8.036453106728506768e+00
2.375366568914956122e-01 8.153086056653830127e+00
2.419354838709677769e-01 8.264312047739352352e+00
2.463343108504399137e-01 8.372355155139750593e+00
2.507331378299120228e-01 8.480398262540152388e+00
2.551319648093842152e-01 8.580149809461451227e+00
2.595307917888563520e-01 8.679708156696841925e+00
2.639296187683284889e-01 8.776557602592081508e+00
2.683284457478006257e-01 8.867781451768312451e+00
2.727272727272727626e-01 8.959005300944541617e+00
2.771260997067448995e-01 9.044747447812962804e+00
2.815249266862170363e-01 9.127823615828740245e+00
2.859237536656891732e-01 9.210736686461107325e+00
2.903225806451613100e-01 9.285881311128580506e+00
2.947214076246334469e-01 9.361025935796057240e+00
2.991202346041055837e-01 9.433337005710109580e+00
3.035190615835777206e-01 9.500789196317620977e+00
3.079178885630498574e-01 9.568241386925134151e+00
3.123167155425220498e-01 9.630368725935927188e+00
3.167155425219941867e-01 9.690385284247051700e+00
3.211143695014663235e-01 9.749943819675154444e+00
3.255131964809384604e-01 9.802794723800703380e+00
3.299120234604105972e-01 9.855645627926252317e+00
3.343108504398827341e-01 9.905661487902897022e+00
3.387096774193548709e-01 9.951626025391600905e+00
3.431085043988270078e-01 9.997590562880304788e+00
3.475073313782991447e-01 1.003854195776651004e+01
3.519061583577712815e-01 1.007790556137736715e+01
3.563049853372434184e-01 1.011659216601954370e+01
3.607038123167155552e-01 1.014964357403334461e+01
3.651026392961876921e-01 1.018269498204714729e+01
3.695014662756598844e-01 1.021300603028782206e+01
3.739002932551320213e-01 1.024003497047226219e+01
3.782991202346041582e-01 1.026706391065670410e+01
3.826979472140762950e-01 1.028948994009529727e+01
3.870967741935484319e-01 1.031078525887535768e+01
3.914956011730205687e-01 1.033126028193828994e+01
3.958944281524927056e-01 1.034710823878932828e+01
4.002932551319648424e-01 1.036295619564036485e+01
4.046920821114369793e-01 1.037623013512817849e+01
4.090909090909091161e-01 1.038691307536682196e+01
4.134897360703812530e-01 1.039759601560546010e+01
4.178885630498533899e-01 1.040414323497938121e+01
4.222873900293255822e-01 1.040993847711199471e+01
4.266862170087977191e-01 1.041483852304056690e+01
4.310850439882698559e-01 1.041601742907010930e+01
4.354838709677419928e-01 1.041719633509965348e+01
4.398826979472141296e-01 1.041601802365296336e+01
4.442815249266862665e-01 1.041284532620599101e+01
4.486803519061584034e-01 1.040967262875901689e+01
4.530791788856305402e-01 1.040285826656096901e+01
4.574780058651026771e-01 1.039559142961891247e+01
4.618768328445748139e-01 1.038741250149126394e+01
4.662756598240469508e-01 1.037630127489072152e+01
4.706744868035190876e-01 1.036519004829017909e+01
4.750733137829912245e-01 1.035197119499970597e+01
4.794721407624634169e-01 1.033725732773267048e+01
4.838709677419355537e-01 1.032254346046563320e+01
4.882697947214076906e-01 1.030468676795454286e+01
4.926686217008798274e-01 1.028660371923358952e+01
4.970674486803519643e-01 1.026763846203544972e+01
5.014662756598240456e-01 1.024641124754568899e+01
5.058651026392961825e-01 1.022518403305592471e+01
5.102639296187684304e-01 1.020211721866559884e+01
5.146627565982405672e-01 1.017796236489907891e+01
5.190615835777127041e-01 1.015380751113256075e+01
5.234604105571848409e-01 1.012699785575825295e+01
5.278592375366569778e-01 1.010012333357247805e+01
5.322580645161291146e-01 1.007243246525455227e+01
5.366568914956012515e-01 1.004303772774300718e+01
5.410557184750733883e-01 1.001364299023146032e+01
5.454545454545455252e-01 9.982683693469297737e+00
5.498533724340176621e-01 9.950959745016071167e+00
5.542521994134897989e-01 9.919193976543676072e+00
5.586510263929619358e-01 9.885323466975075135e+00
5.630498533724340726e-01 9.851452957406472422e+00
5.674486803519062095e-01 9.816858187533984648e+00
5.718475073313783463e-01 9.781015573655272632e+00
5.762463343108504832e-01 9.745172959776560617e+00
5.806451612903226200e-01 9.708039181509107607e+00
5.850439882697947569e-01 9.670390858135082368e+00
5.894428152492668938e-01 9.632639065063413497e+00
5.938416422287390306e-01 9.593343545963618269e+00
5.982404692082111675e-01 9.554048026863824816e+00
6.026392961876833043e-01 9.514138128911930892e+00
6.070381231671554412e-01 9.473346263001447554e+00
6.114369501466275780e-01 9.432554397090964216e+00
6.158357771260997149e-01 9.390736462715127075e+00
6.202346041055719628e-01 9.348591620606793384e+00
6.246334310850440996e-01 9.306317609546004732e+00
6.290322580645162365e-01 9.262955902912755946e+00
6.334310850439883733e-01 9.219594196279507159e+00
6.378299120234605102e-01 9.175738729313810182e+00
6.422287390029326470e-01 9.131289251261220485e+00
6.466275659824047839e-01 9.086839773208630788e+00
6.510263929618769208e-01 9.041616255834593829e+00
6.554252199413490576e-01 8.996201294924425440e+00
6.598240469208211945e-01 8.950659309727607038e+00
6.642228739002933313e-01 8.904394587619469448e+00
6.686217008797654682e-01 8.858129865511331857e+00
6.730205278592376050e-01 8.811496974909303503e+00
6.774193548387097419e-01 8.764491881182932431e+00
6.818181818181818787e-01 8.717486787456563135e+00
6.862170087976540156e-01 8.669943329615923844e+00
6.906158357771261525e-01 8.622301152873902197e+00
6.950146627565982893e-01 8.574554922350001718e+00
6.994134897360704262e-01 8.526373091420758499e+00
7.038123167155425630e-01 8.478191260491517056e+00
7.082111436950146999e-01 8.429767311229243276e+00
7.126099706744868367e-01 8.381137617774259141e+00
7.170087976539589736e-01 8.332507924319278558e+00
7.214076246334311104e-01 8.283557100514935101e+00
7.258064516129032473e-01 8.234565927982151479e+00
7.302052785923753842e-01 8.185508568750183400e+00
7.346041055718476320e-01 8.136237121055584609e+00
7.390029325513197689e-01 8.086965673360987594e+00
7.434017595307919057e-01 8.037575080636187863e+00
7.478005865102640426e-01 7.988099597191799184e+00
7.521994134897361795e-01 7.938624113747409616e+00
7.565982404692083163e-01 7.889025136875962296e+00
7.609970674486804532e-01 7.839417108815441182e+00
7.653958944281525900e-01 7.789790747546684102e+00
7.697947214076247269e-01 7.740117127801357633e+00
7.741935483870968637e-01 7.690443508056030275e+00
7.785923753665690006e-01 7.640768023407675358e+00
7.829912023460411374e-01 7.591091430640572568e+00
7.873900293255132743e-01 7.541414837873469779e+00
7.917888563049854111e-01 7.491792369724233680e+00
7.961876832844575480e-01 7.442171286797150564e+00
8.005865102639296849e-01 7.392585732029591128e+00
8.049853372434018217e-01 7.343074698463192718e+00
8.093841642228739586e-01 7.293563664896792531e+00
8.137829912023460954e-01 7.244160487134660542e+00
8.181818181818182323e-01 7.194810286286879908e+00
8.225806451612903691e-01 7.145463908932053521e+00
8.269794721407625060e-01 7.096321746310636946e+00
8.313782991202346428e-01 7.047179583689220372e+00
8.357771260997067797e-01 6.998129638555785625e+00
8.401759530791789166e-01 6.949239318115473907e+00
8.445747800586511644e-01 6.900348997675161300e+00
8.489736070381233013e-01 6.851667443316052264e+00
8.533724340175954381e-01 6.803069536125971872e+00
8.577712609970675750e-01 6.754491988366123856e+00
8.621700879765397119e-01 6.706223990857225203e+00
8.665689149560118487e-01 6.657955993348326551e+00
8.709677419354839856e-01 6.609837256824648399e+00
8.753665689149561224e-01 6.561933750496367068e+00
8.797653958944282593e-01 6.514030244168087513e+00
8.841642228739003961e-01 6.466426850870221621e+00
8.885630498533725330e-01 6.418919650936227406e+00
8.929618768328446698e-01 6.371457157480608480e+00
8.973607038123168067e-01 6.324375457159018055e+00
9.017595307917889436e-01 6.277293756837426741e+00
9.061583577712610804e-01 6.230416835030312406e+00
9.105571847507332173e-01 6.183787345728092966e+00
9.149560117302053541e-01 6.137157856425876190e+00
9.193548387096774910e-01 6.090909911166235702e+00
9.237536656891496278e-01 6.044756989368509359e+00
9.281524926686217647e-01 5.998678075721434411e+00
9.325513196480939015e-01 5.953023855985533963e+00
9.369501466275660384e-01 5.907369636249632627e+00
9.413489736070381753e-01 5.861972799044572469e+00
9.457478005865103121e-01 5.816837316095858412e+00
9.501466275659824490e-01 5.771701833147143468e+00
9.545454545454545858e-01 5.727019362696553095e+00
9.589442815249268337e-01 5.682420661344097290e+00
9.633431085043989706e-01 5.637927980678682616e+00
9.677419354838711074e-01 5.593882233981182672e+00
9.721407624633432443e-01 5.549836487283683617e+00
9.765395894428153811e-01 5.506096835661705491e+00
9.809384164222875180e-01 5.462618451709123413e+00
9.853372434017596548e-01 5.419140067756543111e+00
9.897360703812317917e-01 5.376176392518957847e+00
9.941348973607039285e-01 5.333278108941461149e+00
9.985337243401760654e-01 5.290518812203513832e+00
1.002932551319648091e+00 5.248211790394098131e+00
1.007331378299120228e+00 5.205904768584678877e+00
1.011730205278592365e+00 5.163948068556928561e+00
1.016129032258064724e+00 5.122242014586376513e+00
1.020527859237536861e+00 5.080535960615828017e+00
1.024926686217008998e+00 5.039396935535057409e+00
1.029325513196481134e+00 4.998300176426467623e+00
1.033724340175953271e+00 4.957374947004392851e+00
1.038123167155425408e+00 4.916894462218610151e+00
1.042521994134897545e+00 4.876413977432826563e+00
1.046920821114369682e+00 4.836323063811971856e+00
1.051319648093841819e+00 4.796464636168765949e+00
1.055718475073313956e+00 4.756606208525559154e+00
1.060117302052786092e+00 4.717358184484747419e+00
1.064516129032258229e+00 4.678126477320512677e+00
1.068914956011730366e+00 4.639097502659096151e+00
1.073313782991202503e+00 4.600496051980303314e+00
1.077712609970674640e+00 4.561894601301510477e+00
1.082111436950146777e+00 4.523716880923605466e+00
1.086510263929618914e+00 4.485748245107638255e+00
1.090909090909091050e+00 4.447790584209713849e+00
1.095307917888563187e+00 4.410456410068137600e+00
1.099706744868035324e+00 4.373122235926562240e+00
1.104105571847507461e+00 4.336019901688755063e+00
1.108504398826979598e+00 4.299320905365724421e+00
1.112903225806451735e+00 4.262621909042692891e+00
1.117302052785923872e+00 4.226375697100529294e+00
1.121700879765396008e+00 4.190311804931159401e+00
1.126099706744868145e+00 4.154286371032513969e+00
1.130498533724340282e+00 4.118856775828268368e+00
1.134897360703812419e+00 4.083427180624022768e+00
1.139296187683284556e+00 4.048255949402943976e+00
1.143695014662756693e+00 4.013459082320739668e+00
1.148093841642228830e+00 3.978662215238534028e+00
1.152492668621700966e+00 3.944342194303732896e+00
1.156891495601173103e+00 3.910175857020790957e+00
1.161290322580645240e+00 3.876074783527404755e+00
1.165689149560117377e+00 3.842536195956438583e+00
1.170087976539589514e+00 3.808997608385472411e+00
1.174486803519061651e+00 3.775741020085443544e+00
1.178885630498533788e+00 3.742826785143858359e+00
1.183284457478005924e+00 3.709912550202273174e+00
1.187683284457478061e+00 3.677494434430256032e+00
1.192082111436950198e+00 3.645200661784090190e+00
1.196480938416422335e+00 3.612997642227003592e+00
1.200879765395894472e+00 3.581319988530716092e+00
1.205278592375366609e+00 3.549642334834429036e+00
1.209677419354838745e+00 3.518267265688837409e+00
1.214076246334310882e+00 3.487200893913148469e+00
1.218475073313783019e+00 3.456134522137459530e+00
1.222873900293255156e+00 3.425579021876334895e+00
1.227272727272727293e+00 3.395118716937286951e+00
1.231671554252199430e+00 3.364772887533278745e+00
1.236070381231671567e+00 3.334913090039877126e+00
1.240469208211143926e+00 3.305053292546474175e+00
1.244868035190616062e+00 3.275513566007534738e+00
1.249266862170088199e+00 3.246248327562669456e+00
1.253665689149560336e+00 3.216983089117805061e+00
1.258064516129032473e+00 3.188239265159023894e+00
1.262463343108504610e+00 3.159562356230558589e+00
1.266862170087976747e+00 3.131021578937091210e+00
1.271260997067448884e+00 3.102926516989779504e+00
1.275659824046921020e+00 3.074831455042468686e+00
1.280058651026393157e+00 3.047070888604966221e+00
1.284457478005865294e+00 3.019550890571365720e+00
1.288856304985337431e+00 2.992030892537764775e+00
1.293255131964809568e+00 2.965038980151089021e+00
1.297653958944281705e+00 2.938087062925629045e+00
1.302052785923753842e+00 2.911290687959714241e+00
1.306451612903225978e+00 2.884899691691293455e+00
1.310850439882698115e+00 2.858508695422872226e+00
1.315249266862170252e+00 2.832463658533217910e+00
1.319648093841642389e+00 2.806626197270823742e+00
1.324046920821114526e+00 2.780788736008429574e+00
1.328445747800586663e+00 2.755482510181088251e+00
1.332844574780058799e+00 2.730191065383459126e+00
1.337243401759530936e+00 2.705072243516534858e+00
1.341642228739003073e+00 2.680319183189664223e+00
1.346041055718475210e+00 2.655566122862793588e+00
1.350439882697947347e+00 2.631167672637409805e+00
1.354838709677419484e+00 2.606945200991070077e+00
1.359237536656891621e+00 2.582731230101035447e+00
1.363636363636363757e+00 2.559031474469195988e+00
1.368035190615835894e+00 2.535331718837357418e+00
1.372434017595308031e+00 2.511819325684704118e+00
1.376832844574780168e+00 2.488634352108225922e+00
1.381231671554252305e+00 2.465449378531747282e+00
1.385630498533724442e+00 2.442625032189134515e+00
1.390029325513196579e+00 2.419946794772654730e+00
1.394428152492668715e+00 2.397298275440959525e+00
1.398826979472140852e+00 2.375118697075150553e+00
1.403225806451612989e+00 2.352939118709342026e+00
1.407624633431085126e+00 2.330959345786266734e+00
1.412023460410557263e+00 2.309270330700250007e+00
1.416422287390029400e+00 2.287581315614233279e+00
1.420821114369501537e+00 2.266256511370884130e+00
1.425219941348973673e+00 2.245049894751976804e+00
1.429618768328445810e+00 2.223892091290589956e+00
1.434017595307917947e+00 2.203159714190575436e+00
1.438416422287390084e+00 2.182427337090560915e+00
1.442815249266862221e+00 2.161904997639073844e+00
1.447214076246334358e+00 2.141638716953115917e+00
1.451612903225806495e+00 2.121372436267157102e+00
1.456011730205278631e+00 2.101471727972767489e+00
1.460410557184750768e+00 2.081663366775203805e+00
1.464809384164223127e+00 2.061920791336893988e+00
1.469208211143695264e+00 2.042562208341479391e+00
1.473607038123167401e+00 2.023203625346063905e+00
1.478005865102639538e+00 2.004063216841073913e+00
1.482404692082111675e+00 1.985146314202873574e+00
1.486803519061583811e+00 1.966229411564673457e+00
1.491202346041055948e+00 1.947677436542065044e+00
1.495601173020528085e+00 1.929194111268924594e+00
1.500000000000000222e+00 1.910791465463332006e+00
1.504398826979472359e+00 1.892733673785562454e+00
1.508797653958944496e+00 1.874675882107793123e+00
1.513196480938416633e+00 1.856842441905083740e+00
1.517595307917888769e+00 1.839202205243449795e+00
1.521994134897360906e+00 1.821561968581816293e+00
1.526392961876833043e+00 1.804284222959285922e+00
1.530791788856305180e+00 1.787053580692119281e+00
1.535190615835777317e+00 1.769916508781673725e+00
1.539589442815249454e+00 1.753087577863534641e+00
1.543988269794721591e+00 1.736258646945395112e+00
1.548387096774193727e+00 1.719658432695758021e+00
1.552785923753665864e+00 1.703223412087606858e+00
1.557184750733138001e+00 1.686788391479455473e+00
1.561583577712610138e+00 1.670711842715017381e+00
1.565982404692082275e+00 1.654662967719483957e+00
1.570381231671554412e+00 1.638718650531505228e+00
1.574780058651026549e+00 1.623048247983288395e+00
1.579178885630498685e+00 1.607377845435070896e+00
1.583577712609970822e+00 1.591938867613739816e+00
1.587976539589442959e+00 1.576639359026750675e+00
1.592375366568915096e+00 1.561339850439761090e+00
1.596774193548387233e+00 1.546393412690235891e+00
1.601173020527859370e+00 1.531457270316759933e+00
1.605571847507331507e+00 1.516634885030420099e+00
1.609970674486803643e+00 1.502054682928837037e+00
1.614369501466275780e+00 1.487474480827253531e+00
1.618768328445747917e+00 1.473126910966092717e+00
1.623167155425220054e+00 1.458895327083689519e+00
1.627565982404692191e+00 1.444668863570485629e+00
1.631964809384164328e+00 1.430778637634679828e+00
1.636363636363636465e+00 1.416888411698873806e+00
1.640762463343108601e+00 1.403119479173393636e+00
1.645161290322580738e+00 1.389563459925186262e+00
1.649560117302052875e+00 1.376007440676979110e+00
1.653958944281525012e+00 1.362683915589318007e+00
1.658357771260997149e+00 1.349455061988952043e+00
1.662756598240469286e+00 1.336244886408042731e+00
1.667155425219941423e+00 1.323336227426944900e+00
1.671554252199413559e+00 1.310427568445846402e+00
1.675953079178885696e+00 1.297646206700641347e+00
1.680351906158357833e+00 1.285050884992047004e+00
1.684750733137829970e+00 1.272455563283452218e+00
1.689149560117302329e+00 1.260091402690099560e+00
1.693548387096774466e+00 1.247802675077305912e+00
1.697947214076246603e+00 1.235544440024330504e+00
1.702346041055718739e+00 1.223555639229420677e+00
1.706744868035190876e+00 1.211566838434510851e+00
1.711143695014663013e+00 1.199709938226408479e+00
1.715542521994135150e+00 1.188014513232901415e+00
1.719941348973607287e+00 1.176319088239394350e+00
1.724340175953079424e+00 1.164852440693969315e+00
1.728739002932551561e+00 1.153443956653634084e+00
1.733137829912023697e+00 1.142076157575768969e+00
1.737536656891495834e+00 1.130948259483503193e+00
1.741935483870967971e+00 1.119820361391237418e+00
1.746334310850440108e+00 1.108827697514947586e+00
1.750733137829912245e+00 1.097974147502276843e+00
1.755131964809384382e+00 1.087120597489605878e+00
1.759530791788856519e+00 1.076492517802031923e+00
1.763929618768328655e+00 1.065907183255709656e+00
1.768328445747800792e+00 1.055371287025976157e+00
1.772727272727272929e+00 1.045048140333902698e+00
1.777126099706745066e+00 1.034724993641828794e+00
1.781524926686217203e+00 1.024539278396080499e+00
1.785923753665689340e+00 1.014472408067937481e+00
1.790322580645161477e+00 1.004405537739794241e+00
1.794721407624633613e+00 9.945600544866078918e-01
1.799120234604105750e+00 9.847436320364227891e-01
1.803519061583577887e+00 9.749839621791182021e-01
1.807917888563050024e+00 9.654122747927134096e-01
1.812316715542522161e+00 9.558405874063087282e-01
1.816715542521994298e+00 9.464075027494183168e-01
1.821114369501466435e+00 9.370749521574605057e-01
1.825513196480938571e+00 9.277424015655024725e-01
1.829912023460410708e+00 9.186264880287734469e-01
1.834310850439882845e+00 9.095275592662910302e-01
1.838709677419354982e+00 9.004914429767952866e-01
1.843108504398827119e+00 8.916207345448522448e-01
1.847507331378299256e+00 8.827500261129094250e-01
1.851906158357771393e+00 8.740181878976386320e-01
1.856304985337243529e+00 8.653704103974099171e-01
1.860703812316715666e+00 8.567226328971812022e-01
1.865102639296187803e+00 8.482861853459394696e-01
1.869501466275659940e+00 8.398561320647108808e-01
1.873900293255132077e+00 8.314938137117515726e-01
1.878299120234604214e+00 8.232763884645428742e-01
1.882697947214076351e+00 8.150589632173341759e-01
1.887096774193548487e+00 8.069798813053067343e-01
1.891495601173020624e+00 7.989700968912146761e-01
1.895894428152492761e+00 7.909631436033947027e-01
1.900293255131964898e+00 7.831560941588789904e-01
1.904692082111437035e+00 7.753490447143630560e-01
1.909090909090909172e+00 7.676136271705323866e-01
1.913489736070381309e+00 7.600045138639053288e-01
1.917888563049853667e+00 7.523954005572779380e-01
1.922287390029325804e+00 7.449234114746708935e-01
1.926686217008797941e+00 7.375075408357308904e-01
1.931085043988270078e+00 7.301024782391108969e-01
1.935483870967742215e+00 7.228752362140860033e-01
1.939882697947214352e+00 7.156479941890612206e-01
1.944281524926686489e+00 7.084953616824589684e-01
1.948680351906158625e+00 7.014522373422134027e-01
1.953079178885630762e+00 6.944091130019678371e-01
1.957478005865102899e+00 6.875012961808332212e-01
1.961876832844575036e+00 6.806378799660659507e-01
1.966275659824047173e+00 6.737921120340237824e-01
1.970674486803519310e+00 6.671040714417432183e-01
1.975073313782991447e+00 6.604160308494627651e-01
1.979472140762463583e+00 6.538047578479833088e-01
1.983870967741935720e+00 6.472878593029348648e-01
1.988269794721407857e+00 6.407709607578863098e-01
1.992668621700879994e+00 6.343870425334741103e-01
1.997067448680352131e+00 6.280371495836934992e-01
2.001466275659824046e+00 6.217107147422457070e-01
2.005865102639296182e+00 6.155237653040631640e-01
2.010263929618768319e+00 6.093368158658803990e-01
2.014662756598240456e+00 6.032280657533380941e-01
2.019061583577712593e+00 5.972000922848569315e-01
2.023460410557184730e+00 5.911721188163757690e-01
2.027859237536657311e+00 5.852743676479282842e-01
2.032258064516129448e+00 5.794014953233714849e-01
2.036656891495601585e+00 5.735569607672698078e-01
2.041055718475073721e+00 5.678353862059306589e-01
2.045454545454545858e+00 5.621138116445915101e-01
2.049853372434017995e+00 5.564712283052060116e-01
2.054252199413490132e+00 5.508972381758162618e-01
2.058651026392962269e+00 5.453232480464265119e-01
2.063049853372434406e+00 5.398763638290348110e-01
2.067448680351906543e+00 5.344463330259460188e-01
2.071847507331378679e+00 5.290486834580268027e-01
2.076246334310850816e+00 5.237590552390165577e-01
2.080645161290322953e+00 5.184694270200062016e-01
2.085043988269795090e+00 5.132590218999488751e-01
2.089442815249267227e+00 5.081063250409797449e-01
2.093841642228739364e+00 5.029536281820103927e-01
2.098240469208211501e+00 4.979246280062720742e-01
2.102639296187683637e+00 4.929054749979643879e-01
2.107038123167155774e+00 4.879219980871364326e-01
2.111436950146627911e+00 4.830330666067130241e-01
2.115835777126100048e+00 4.781441351262896156e-01
2.120234604105572185e+00 4.733341718751047922e-01
2.124633431085044322e+00 4.685722206023029690e-01
2.129032258064516459e+00 4.638102693295010348e-01
2.133431085043988595e+00 4.591683716117819780e-01
2.137829912023460732e+00 4.545302384602210033e-01
2.142228739002932869e+00 4.499304088889931608e-01
2.146627565982405006e+00 4.454129937385953864e-01
2.151026392961877143e+00 4.408955785881975564e-01
2.155425219941349280e+00 4.364564569876668854e-01
2.159824046920821417e+00 4.320567362643378262e-01
2.164222873900293553e+00 4.276584991261098145e-01
2.168621700879765690e+00 4.233735240793520260e-01
2.173020527859237827e+00 4.190885490325943485e-01
2.177419354838709964e+00 4.148439126454363524e-01
2.181818181818182101e+00 4.106707932691964213e-01
2.186217008797654238e+00 4.064976738929564348e-01
2.190615835777126374e+00 4.024018144465464908e-01
2.195014662756598511e+00 3.983377329176845394e-01
2.199413489736070648e+00 3.942796315780237038e-01
2.203812316715542785e+00 3.903218405887950437e-01
2.208211143695014922e+00 3.863640495995664947e-01
2.212609970674487059e+00 3.824481088596097256e-01
2.217008797653959196e+00 3.785939166569214920e-01
2.221407624633431332e+00 3.747397244542333139e-01
2.225806451612903469e+00 3.709614547281252506e-01
2.230205278592375606e+00 3.672082374987446496e-01
2.234604105571847743e+00 3.634648222580601495e-01
2.239002932551319880e+00 3.598100225223128668e-01
2.243401759530792017e+00 3.561552227865656395e-01
2.247800586510264154e+00 3.525433244922933085e-01
2.252199413489736290e+00 3.489844371940596934e-01
2.256598240469208427e+00 3.454255498958260784e-01
2.260997067448680564e+00 3.419409934652398730e-01
2.265395894428152701e+00 3.384755773852751171e-01
2.269794721407624838e+00 3.350231810663449883e-01
2.274193548387096975e+00 3.316488572816491676e-01
2.278592375366569112e+00 3.282745334969532913e-01
2.282991202346041248e+00 3.249437594957783615e-01
2.287390029325513385e+00 3.216581984552494000e-01
2.291788856304985522e+00 3.183726374147205496e-01
2.296187683284457659e+00 3.151596060704013880e-01
2.300586510263929796e+00 3.119605381115216347e-01
2.304985337243401933e+00 3.087771687121019792e-01
2.309384164222874070e+00 3.056623825888744039e-01
2.313782991202346206e+00 3.025475964656467731e-01
2.318181818181818343e+00 2.994766579216972535e-01
2.322580645161290480e+00 2.964439888036113357e-01
2.326979472140762617e+00 2.934113196855253625e-01
2.331378299120234754e+00 2.904492093892994120e-01
2.335777126099706891e+00 2.874965485509614060e-01
2.340175953079179028e+00 2.845617856983470584e-01
2.344574780058651164e+00 2.816870791175906108e-01
2.348973607038123301e+00 2.788123725368341632e-01
2.353372434017595438e+00 2.759815081607523424e-01
2.357771260997067575e+00 2.731827453814201223e-01
2.362170087976539712e+00 2.703839826020879578e-01
2.366568914956011849e+00 2.676536735424902558e-01
2.370967741935483986e+00 2.649288966013065849e-01
2.375366568914956122e+00 2.622237921435320307e-01
2.379765395894428259e+00 2.595710942389576337e-01
2.384164222873900396e+00 2.569183963343832366e-01
2.388563049853372533e+00 2.543092748590685681e-01
2.392961876832844670e+00 2.517267900212846188e-01
2.397360703812316807e+00 2.491443051835007527e-01
2.401759530791788944e+00 2.466280661685127384e-01
2.406158357771261080e+00 2.441139774829531872e-01
2.410557184750733217e+00 2.416209604402780042e-01
2.414956011730205354e+00 2.391734987869459927e-01
2.419354838709677491e+00 2.367260371336139813e-01
2.423753665689149628e+00 2.343216642177924358e-01
2.428152492668621765e+00 2.319390986947421907e-01
2.432551319648093902e+00 2.295572850035811352e-01
2.436950146627566038e+00 2.272379305019874285e-01
2.441348973607038175e+00 2.249185760003936940e-01
2.445747800586510312e+00 2.226213620095609802e-01
2.450146627565982449e+00 2.203635780225474128e-01
2.454545454545454586e+00 2.181057940355339286e-01
2.458944281524926723e+00 2.158904236935238752e-01
2.463343108504398860e+00 2.136926054423154697e-01
2.467741935483870996e+00 2.114980126696392460e-01
2.472140762463343133e+00 2.093585980808471969e-01
2.476539589442815270e+00 2.072191834920551479e-01
2.480938416422287851e+00 2.051026888015411165e-01
2.485337243401759988e+00 2.030201573840202389e-01
2.489736070381232125e+00 2.009376259664994169e-01
2.494134897360704262e+00 1.988966765547491855e-01
2.498533724340176398e+00 1.968695411804310402e-01
2.502932551319648535e+00 1.948477230263939708e-01
2.507331378299120672e+00 1.928745363565732007e-01
2.511730205278592809e+00 1.909013496867524307e-01
2.516129032258064946e+00 1.889516097012391982e-01
2.520527859237537083e+00 1.870309631295688224e-01
2.524926686217009220e+00 1.851103165578984466e-01
2.529325513196481356e+00 1.832302912943567508e-01
2.533724340175953493e+00 1.813608073371378027e-01
2.538123167155425630e+00 1.794983928471746704e-01
2.542521994134897767e+00 1.776787310618294924e-01
2.546920821114369904e+00 1.758590692764843144e-01
2.551319648093842041e+00 1.740631616008585791e-01
2.555718475073314178e+00 1.722920175928633613e-01
2.560117302052786314e+00 1.705208735848681156e-01
2.564516129032258451e+00 1.687892855339341858e-01
2.568914956011730588e+00 1.670653839140268937e-01
2.573313782991202725e+00 1.653500030208847338e-01
2.577712609970674862e+00 1.636721028555780111e-01
2.582111436950146999e+00 1.619942026902712606e-01
2.586510263929619136e+00 1.603401745856802008e-01
2.590909090909091272e+00 1.587070684657046482e-01
2.595307917888563409e+00 1.570739623457290679e-01
2.599706744868035546e+00 1.554792637676269129e-01
2.604105571847507683e+00 1.538897712921125649e-01
2.608504398826979820e+00 1.523099847073192958e-01
2.612903225806451957e+00 1.507629575031161351e-01
2.617302052785924094e+00 1.492159302989129743e-01
2.621700879765396230e+00 1.476927304341400515e-01
2.626099706744868367e+00 1.461870512831919544e-01
2.630498533724340504e+00 1.446813721322438850e-01
2.634897360703812641e+00 1.432128880696476869e-01
2.639296187683284778e+00 1.417474648826923533e-01
2.643695014662756915e+00 1.402926982073674778e-01
2.648093841642229052e+00 1.388664686459812614e-01
2.652492668621701188e+00 1.374402390845950173e-01
2.656891495601173325e+00 1.360376534438783591e-01
2.661290322580645462e+00 1.346495841041036035e-01
2.665689149560117599e+00 1.332615147643288478e-01
2.670087976539589736e+00 1.319093807196244361e-01
2.674486803519061873e+00 1.305584615601150522e-01
2.678885630498534010e+00 1.292189434663811864e-01
2.683284457478006146e+00 1.279041920644549690e-01
2.687683284457478283e+00 1.265894406625287238e-01
2.692082111436950420e+00 1.252980324547188495e-01
2.696480938416422557e+00 1.240184932435083737e-01
2.700879765395894694e+00 1.227393184566444306e-01
2.705278592375366831e+00 1.214940575748894719e-01
2.709677419354838968e+00 1.202487966931345131e-01
2.714076246334311104e+00 1.190155010140676872e-01
2.718475073313783241e+00 1.178036102250207828e-01
2.722873900293255378e+00 1.165917194359739062e-01
2.727272727272727515e+00 1.154027728386142482e-01
2.731671554252199652e+00 1.142233688179754153e-01
2.736070381231671789e+00 1.130456713542266345e-01
2.740469208211143926e+00 1.118978909309428643e-01
2.744868035190616062e+00 1.107501105076590803e-01
2.749266862170088199e+00 1.096147020647888354e-01
2.753665689149560336e+00 1.084977058294091523e-01
2.758064516129032473e+00 1.073807095940294692e-01
2.762463343108504610e+00 1.062861771586668669e-01
2.766862170087976747e+00 1.051991487993391983e-01
2.771260997067448884e+00 1.041149586484568651e-01
2.775659824046921020e+00 1.030571005541429525e-01
2.780058651026393157e+00 1.019992424598290398e-01
2.784457478005865294e+00 1.009540264518869329e-01
2.788856304985337431e+00 9.992456303468583156e-02
2.793255131964809568e+00 9.889509961748471634e-02
2.797653958944281705e+00 9.788755315854923145e-02
2.802052785923753842e+00 9.688573023507723869e-02
2.806451612903225978e+00 9.588769080831606451e-02
2.810850439882698115e+00 9.491277153868224459e-02
2.815249266862170252e+00 9.393785226904842467e-02
2.819648093841642389e+00 9.297572704328384285e-02
2.824046920821114526e+00 9.202699498998183347e-02
2.828445747800586663e+00 9.107826293667981021e-02
2.832844574780058799e+00 9.015084772498906107e-02
2.837243401759530936e+00 8.922760627704461045e-02
2.841642228739003073e+00 8.830892900550910141e-02
2.846041055718475210e+00 8.741049762838766501e-02
2.850439882697947347e+00 8.651206625126624250e-02
2.854838709677419484e+00 8.562647927864912301e-02
2.859237536656891621e+00 8.475219633054607848e-02
2.863636363636363757e+00 8.387791338244302008e-02
2.868035190615835894e+00 8.302430546526183563e-02
2.872434017595308031e+00 8.217352766147713317e-02
2.876832844574780168e+00 8.132794969822715325e-02
2.881231671554252305e+00 8.050004864890003553e-02
2.885630498533724442e+00 7.967214759957291781e-02
2.890029325513196579e+00 7.885705447709927263e-02
2.894428152492668715e+00 7.805141928009048935e-02
2.898826979472140852e+00 7.724578408308171995e-02
2.903225806451612989e+00 7.646015055525731685e-02
2.907624633431085126e+00 7.567618729830073721e-02
2.912023460410557263e+00 7.489793214918179232e-02
2.916422287390029400e+00 7.413506071395685459e-02
2.920821114369501537e+00 7.337218927873190299e-02
2.925219941348973673e+00 7.262201558544005564e-02
2.929618768328446254e+00 7.187967203473366595e-02
2.934017595307918391e+00 7.113732848402733178e-02
2.938416422287390528e+00 7.041428972615272619e-02
2.942815249266862665e+00 6.969192500056060890e-02
2.947214076246334802e+00 6.897566949699723837e-02
2.951612903225806939e+00 6.827274900304929062e-02
2.956011730205279076e+00 6.756982850910132898e-02
2.960410557184751212e+00 6.687943406775095911e-02
2.964809384164223349e+00 6.619543813362314955e-02
2.969208211143695486e+00 6.551161892916111673e-02
2.973607038123167623e+00 6.484604000897427334e-02
2.978005865102639760e+00 6.418046108878744382e-02
2.982404692082111897e+00 6.352129033607743780e-02
2.986803519061584034e+00 6.287363508976584470e-02
2.991202346041056170e+00 6.222597984345427241e-02
2.995601173020528307e+00 6.159062667532254343e-02
3.000000000000000444e+00 6.096041556028379549e-02
3.004398826979472581e+00 6.033110296337317741e-02
3.008797653958944718e+00 5.971786765497219540e-02
3.013196480938416855e+00 5.910463234657121340e-02
3.017595307917888992e+00 5.849801946977935957e-02
3.021994134897361128e+00 5.790130477614815335e-02
3.026392961876833265e+00 5.730459008251694020e-02
3.030791788856305402e+00 5.671991087975084000e-02
3.035190615835777539e+00 5.613927436308116525e-02
3.039589442815249676e+00 5.556014398302475121e-02
3.043988269794721813e+00 5.499515357990476805e-02
3.048387096774193949e+00 5.443016317678478488e-02
3.052785923753666086e+00 5.387193612427865902e-02
3.057184750733138223e+00 5.332217190851426536e-02
3.061583577712610360e+00 5.277240769274988558e-02
3.065982404692082497e+00 5.223437779976763951e-02
3.070381231671554634e+00 5.169943163134562564e-02
3.074780058651026771e+00 5.116649836723567019e-02
3.079178885630498907e+00 5.064597169730976345e-02
3.083577712609971044e+00 5.012544502738386365e-02
3.087976539589443181e+00 4.961175939275155183e-02
3.092375366568915318e+00 4.910526488654278626e-02
3.096774193548387455e+00 4.859877038033400681e-02
3.101173020527859592e+00 4.810368150286459948e-02
3.105571847507331729e+00 4.761084271442769106e-02
3.109970674486803865e+00 4.712043471589136973e-02
3.114369501466276002e+00 4.664088406367778578e-02
3.118768328445748139e+00 4.616133341146419489e-02
3.123167155425220276e+00 4.568864724656716142e-02
3.127565982404692413e+00 4.522202750750917849e-02
3.131964809384164550e+00 4.475540776845119556e-02
3.136363636363636687e+00 4.429984361487616928e-02
3.140762463343108823e+00 4.384580762319319203e-02
3.145161290322580960e+00 4.339454216627218475e-02
3.149560117302053097e+00 4.295275094657379639e-02
3.153958944281525234e+00 4.251095972687542190e-02
3.158357771260997371e+00 4.207601021298935234e-02
3.162756598240469508e+00 4.164613435576956096e-02
3.167155425219941645e+00 4.121625849854978346e-02
3.171554252199413781e+00 4.079707222355266616e-02
3.175953079178885918e+00 4.037879160637421888e-02
3.180351906158358055e+00 3.996355275546748659e-02
3.184750733137830192e+00 3.955655482153250940e-02
3.189149560117302329e+00 3.914955688759753916e-02
3.193548387096774466e+00 3.874933873861222122e-02
3.197947214076246603e+00 3.835331976308379437e-02
3.202346041055718739e+00 3.795730078755535364e-02
3.206744868035190876e+00 3.757159411507843966e-02
3.211143695014663013e+00 3.718625894707948409e-02
3.215542521994135150e+00 3.680417688086295297e-02
3.219941348973607287e+00 3.642923735633971094e-02
3.224340175953079424e+00 3.605429783181646197e-02
3.228739002932551561e+00 3.568604331041244637e-02
3.233137829912023697e+00 3.532121941795460934e-02
3.237536656891495834e+00 3.495647979271567646e-02
3.241935483870967971e+00 3.460149943490163638e-02
3.246334310850440108e+00 3.424651907708760323e-02
3.250733137829912245e+00 3.389495096320323947e-02
3.255131964809384382e+00 3.354954849341660467e-02
3.259530791788856519e+00 3.320414602362996292e-02
3.263929618768328655e+00 3.286530645816342078e-02
3.268328445747800792e+00 3.252922375389542126e-02
3.272727272727272929e+00 3.219361167353358699e-02
3.277126099706745066e+00 3.186659791569814576e-02
3.281524926686217203e+00 3.153958415786270453e-02
3.285923753665689340e+00 3.121609646788794934e-02
3.290322580645161477e+00 3.089790679202701965e-02
3.294721407624633613e+00 3.057971711616608648e-02
3.299120234604105750e+00 3.026794581263055756e-02
3.303519061583577887e+00 2.995834229704968238e-02
3.307917888563050024e+00 2.964953440368143026e-02
3.312316715542522161e+00 2.934828586544553988e-02
3.316715542521994298e+00 2.904703732720965298e-02
3.321114369501466435e+00 2.874938948993827417e-02
3.325513196480938571e+00 2.845627024162187754e-02
3.329912023460410708e+00 2.816315099330548091e-02
3.334310850439882845e+00 2.787628744316384549e-02
3.338709677419354982e+00 2.759107820258768079e-02
3.343108504398827119e+00 2.730693545546482998e-02
3.347507331378299256e+00 2.702942315716652319e-02
3.351906158357771393e+00 2.675191085886822334e-02
3.356304985337243529e+00 2.647804015622599177e-02
3.360703812316715666e+00 2.620801680558028368e-02
3.365102639296187803e+00 2.593799345493456518e-02
3.369501466275659940e+00 2.567404874580076282e-02
3.373900293255132077e+00 2.541131225658732271e-02
3.378299120234604658e+00 2.514986548849734022e-02
3.382697947214076795e+00 2.489421950872062334e-02
3.387096774193548931e+00 2.463857352894390645e-02
3.391495601173021068e+00 2.438658114490599785e-02
3.395894428152493205e+00 2.413783400073002752e-02
3.400293255131965342e+00 2.388908685655405373e-02
3.404692082111437479e+00 2.364623019863567460e-02
3.409090909090909616e+00 2.340419566551927427e-02
3.413489736070381753e+00 2.316363224412978580e-02
3.417888563049853889e+00 2.292812938594436523e-02
3.422287390029326026e+00 2.269262652775894118e-02
3.426686217008798163e+00 2.246076466641628092e-02
3.431085043988270300e+00 2.223161686221555508e-02
3.435483870967742437e+00 2.200246905801483618e-02
3.439882697947214574e+00 2.177901534489063221e-02
3.444281524926686711e+00 2.155605099889324958e-02
3.448680351906158847e+00 2.133470251233903978e-02
3.453079178885630984e+00 2.111775490536463989e-02
3.457478005865103121e+00 2.090080729839022960e-02
3.461876832844575258e+00 2.068746729282081032e-02
3.466275659824047395e+00 2.047637368544772893e-02
3.470674486803519532e+00 2.026528007807464754e-02
3.475073313782991669e+00 2.005967840577129596e-02
3.479472140762463805e+00 1.985428069202699666e-02
3.483870967741935942e+00 1.965061158339222180e-02
3.488269794721408079e+00 1.945075615359541724e-02
3.492668621700880216e+00 1.925090072379861614e-02
3.497067448680352353e+00 0.000000000000000000e+00
3.501466275659824490e+00 0.000000000000000000e+00
3.505865102639296627e+00 0.000000000000000000e+00
3.510263929618768763e+00 0.000000000000000000e+00
3.514662756598240900e+00 0.000000000000000000e+00
3.519061583577713037e+00 0.000000000000000000e+00
3.523460410557185174e+00 0.000000000000000000e+00
3.527859237536657311e+00 0.000000000000000000e+00
3.532258064516129448e+00 0.000000000000000000e+00
3.536656891495601585e+00 0.000000000000000000e+00
3.541055718475073721e+00 0.000000000000000000e+00
3.545454545454545858e+00 0.000000000000000000e+00
3.549853372434017995e+00 0.000000000000000000e+00
3.554252199413490132e+00 0.000000000000000000e+00
3.558651026392962269e+00 0.000000000000000000e+00
3.563049853372434406e+00 0.000000000000000000e+00
3.567448680351906543e+00 0.000000000000000000e+00
3.571847507331378679e+00 0.000000000000000000e+00
3.576246334310850816e+00 0.000000000000000000e+00
3.580645161290322953e+00 0.000000000000000000e+00
3.585043988269795090e+00 0.000000000000000000e+00
3.589442815249267227e+00 0.000000000000000000e+00
3.593841642228739364e+00 0.000000000000000000e+00
3.598240469208211501e+00 0.000000000000000000e+00
3.602639296187683637e+00 0.000000000000000000e+00
3.607038123167155774e+00 0.000000000000000000e+00
3.611436950146627911e+00 0.000000000000000000e+00
3.615835777126100048e+00 0.000000000000000000e+00
3.620234604105572185e+00 0.000000000000000000e+00
3.624633431085044322e+00 0.000000000000000000e+00
3.629032258064516459e+00 0.000000000000000000e+00
3.633431085043988595e+00 0.000000000000000000e+00
3.637829912023460732e+00 0.000000000000000000e+00
3.642228739002932869e+00 0.000000000000000000e+00
3.646627565982405006e+00 0.000000000000000000e+00
3.651026392961877143e+00 0.000000000000000000e+00
3.655425219941349280e+00 0.000000000000000000e+00
3.659824046920821417e+00 0.000000000000000000e+00
3.664222873900293553e+00 0.000000000000000000e+00
3.668621700879765690e+00 0.000000000000000000e+00
3.673020527859237827e+00 0.000000000000000000e+00
3.677419354838709964e+00 0.000000000000000000e+00
3.681818181818182101e+00 0.000000000000000000e+00
3.686217008797654238e+00 0.000000000000000000e+00
3.690615835777126374e+00 0.000000000000000000e+00
3.695014662756598511e+00 0.000000000000000000e+00
3.699413489736070648e+00 0.000000000000000000e+00
3.703812316715542785e+00 0.000000000000000000e+00
3.708211143695014922e+00 0.000000000000000000e+00
3.712609970674487059e+00 0.000000000000000000e+00
3.717008797653959196e+00 0.000000000000000000e+00
3.721407624633431332e+00 0.000000000000000000e+00
3.725806451612903469e+00 0.000000000000000000e+00
3.730205278592375606e+00 0.000000000000000000e+00
3.734604105571847743e+00 0.000000000000000000e+00
3.739002932551319880e+00 0.000000000000000000e+00
3.743401759530792017e+00 0.000000000000000000e+00
3.747800586510264154e+00 0.000000000000000000e+00
3.752199413489736290e+00 0.000000000000000000e+00
3.756598240469208427e+00 0.000000000000000000e+00
3.760997067448680564e+00 0.000000000000000000e+00
3.765395894428152701e+00 0.000000000000000000e+00
3.769794721407624838e+00 0.000000000000000000e+00
3.774193548387096975e+00 0.000000000000000000e+00
3.778592375366569112e+00 0.000000000000000000e+00
3.782991202346041248e+00 0.000000000000000000e+00
3.787390029325513385e+00 0.000000000000000000e+00
3.791788856304985522e+00 0.000000000000000000e+00
3.796187683284457659e+00 0.000000000000000000e+00
3.800586510263929796e+00 0.000000000000000000e+00
3.804985337243401933e+00 0.000000000000000000e+00
3.809384164222874070e+00 0.000000000000000000e+00
3.813782991202346206e+00 0.000000000000000000e+00
3.818181818181818343e+00 0.000000000000000000e+00
3.822580645161290480e+00 0.000000000000000000e+00
3.826979472140762617e+00 0.000000000000000000e+00
3.831378299120235198e+00 0.000000000000000000e+00
3.835777126099707335e+00 0.000000000000000000e+00
3.840175953079179472e+00 0.000000000000000000e+00
3.844574780058651609e+00 0.000000000000000000e+00
3.848973607038123745e+00 0.000000000000000000e+00
3.853372434017595882e+00 0.000000000000000000e+00
3.857771260997068019e+00 0.000000000000000000e+00
3.862170087976540156e+00 0.000000000000000000e+00
3.866568914956012293e+00 0.000000000000000000e+00
3.870967741935484430e+00 0.000000000000000000e+00
3.875366568914956567e+00 0.000000000000000000e+00
3.879765395894428703e+00 0.000000000000000000e+00
3.884164222873900840e+00 0.000000000000000000e+00
3.888563049853372977e+00 0.000000000000000000e+00
3.892961876832845114e+00 0.000000000000000000e+00
3.897360703812317251e+00 0.000000000000000000e+00
3.901759530791789388e+00 0.000000000000000000e+00
3.906158357771261525e+00 0.000000000000000000e+00
3.910557184750733661e+00 0.000000000000000000e+00
3.914956011730205798e+00 0.000000000000000000e+00
3.919354838709677935e+00 0.000000000000000000e+00
3.923753665689150072e+00 0.000000000000000000e+00
3.928152492668622209e+00 0.000000000000000000e+00
3.932551319648094346e+00 0.000000000000000000e+00
3.936950146627566482e+00 0.000000000000000000e+00
3.941348973607038619e+00 0.000000000000000000e+00
3.945747800586510756e+00 0.000000000000000000e+00
3.950146627565982893e+00 0.000000000000000000e+00
3.954545454545455030e+00 0.000000000000000000e+00
3.958944281524927167e+00 0.000000000000000000e+00
3.963343108504399304e+00 0.000000000000000000e+00
3.967741935483871440e+00 0.000000000000000000e+00
3.972140762463343577e+00 0.000000000000000000e+00
3.976539589442815714e+00 0.000000000000000000e+00
3.980938416422287851e+00 0.000000000000000000e+00
3.985337243401759988e+00 0.000000000000000000e+00
3.989736070381232125e+00 0.000000000000000000e+00
3.994134897360704262e+00 0.000000000000000000e+00
3.998533724340176398e+00 0.000000000000000000e+00
4.002932551319648091e+00 0.000000000000000000e+00
4.007331378299120672e+00 0.000000000000000000e+00
4.011730205278592365e+00 0.000000000000000000e+00
4.016129032258064946e+00 0.000000000000000000e+00
4.020527859237536639e+00 0.000000000000000000e+00
4.024926686217009220e+00 0.000000000000000000e+00
4.029325513196480912e+00 0.000000000000000000e+00
4.033724340175953493e+00 0.000000000000000000e+00
4.038123167155425186e+00 0.000000000000000000e+00
4.042521994134897767e+00 0.000000000000000000e+00
4.046920821114369460e+00 0.000000000000000000e+00
4.051319648093842041e+00 0.000000000000000000e+00
4.055718475073314622e+00 0.000000000000000000e+00
4.060117302052786314e+00 0.000000000000000000e+00
4.064516129032258895e+00 0.000000000000000000e+00
4.068914956011730588e+00 0.000000000000000000e+00
4.073313782991203169e+00 0.000000000000000000e+00
4.077712609970674862e+00 0.000000000000000000e+00
4.082111436950147443e+00 0.000000000000000000e+00
4.086510263929619136e+00 0.000000000000000000e+00
4.090909090909091717e+00 0.000000000000000000e+00
4.095307917888563409e+00 0.000000000000000000e+00
4.099706744868035990e+00 0.000000000000000000e+00
4.104105571847507683e+00 0.000000000000000000e+00
4.108504398826980264e+00 0.000000000000000000e+00
4.112903225806451957e+00 0.000000000000000000e+00
4.117302052785924538e+00 0.000000000000000000e+00
4.121700879765396230e+00 0.000000000000000000e+00
4.126099706744868811e+00 0.000000000000000000e+00
4.130498533724340504e+00 0.000000000000000000e+00
4.134897360703813085e+00 0.000000000000000000e+00
4.139296187683284778e+00 0.000000000000000000e+00
4.143695014662757359e+00 0.000000000000000000e+00
4.148093841642229052e+00 0.000000000000000000e+00
4.152492668621701633e+00 0.000000000000000000e+00
4.156891495601173325e+00 0.000000000000000000e+00
4.161290322580645906e+00 0.000000000000000000e+00
4.165689149560117599e+00 0.000000000000000000e+00
4.170087976539590180e+00 0.000000000000000000e+00
4.174486803519061873e+00 0.000000000000000000e+00
4.178885630498534454e+00 0.000000000000000000e+00
4.183284457478006146e+00 0.000000000000000000e+00
4.187683284457478727e+00 0.000000000000000000e+00
4.192082111436950420e+00 0.000000000000000000e+00
4.196480938416423001e+00 0.000000000000000000e+00
4.200879765395894694e+00 0.000000000000000000e+00
4.205278592375367275e+00 0.000000000000000000e+00
4.209677419354838968e+00 0.000000000000000000e+00
4.214076246334311548e+00 0.000000000000000000e+00
4.218475073313783241e+00 0.000000000000000000e+00
4.222873900293255822e+00 0.000000000000000000e+00
4.227272727272727515e+00 0.000000000000000000e+00
4.231671554252200096e+00 0.000000000000000000e+00
4.236070381231671789e+00 0.000000000000000000e+00
4.240469208211144370e+00 0.000000000000000000e+00
4.244868035190616062e+00 0.000000000000000000e+00
4.249266862170088643e+00 0.000000000000000000e+00
4.253665689149560336e+00 0.000000000000000000e+00
4.258064516129032917e+00 0.000000000000000000e+00
4.262463343108504610e+00 0.000000000000000000e+00
4.266862170087977191e+00 0.000000000000000000e+00
4.271260997067448884e+00 0.000000000000000000e+00
4.275659824046921464e+00 0.000000000000000000e+00
4.280058651026393157e+00 0.000000000000000000e+00
4.284457478005865738e+00 0.000000000000000000e+00
4.288856304985337431e+00 0.000000000000000000e+00
4.293255131964810012e+00 0.000000000000000000e+00
4.297653958944281705e+00 0.000000000000000000e+00
4.302052785923754286e+00 0.000000000000000000e+00
4.306451612903225978e+00 0.000000000000000000e+00
4.310850439882698559e+00 0.000000000000000000e+00
4.315249266862170252e+00 0.000000000000000000e+00
4.319648093841642833e+00 0.000000000000000000e+00
4.324046920821114526e+00 0.000000000000000000e+00
4.328445747800587107e+00 0.000000000000000000e+00
4.332844574780058799e+00 0.000000000000000000e+00
4.337243401759531380e+00 0.000000000000000000e+00
4.341642228739003073e+00 0.000000000000000000e+00
4.346041055718475654e+00 0.000000000000000000e+00
4.350439882697947347e+00 0.000000000000000000e+00
4.354838709677419928e+00 0.000000000000000000e+00
4.359237536656891621e+00 0.000000000000000000e+00
4.363636363636364202e+00 0.000000000000000000e+00
4.368035190615835894e+00 0.000000000000000000e+00
4.372434017595308475e+00 0.000000000000000000e+00
4.376832844574780168e+00 0.000000000000000000e+00
4.381231671554252749e+00 0.000000000000000000e+00
4.385630498533724442e+00 0.000000000000000000e+00
4.390029325513197023e+00 0.000000000000000000e+00
4.394428152492668715e+00 0.000000000000000000e+00
4.398826979472141296e+00 0.000000000000000000e+00
4.403225806451612989e+00 0.000000000000000000e+00
4.407624633431085570e+00 0.000000000000000000e+00
4.412023460410557263e+00 0.000000000000000000e+00
4.416422287390029844e+00 0.000000000000000000e+00
4.420821114369501537e+00 0.000000000000000000e+00
4.425219941348974118e+00 0.000000000000000000e+00
4.429618768328445810e+00 0.000000000000000000e+00
4.434017595307918391e+00 0.000000000000000000e+00
4.438416422287390084e+00 0.000000000000000000e+00
4.442815249266862665e+00 0.000000000000000000e+00
4.447214076246334358e+00 0.000000000000000000e+00
4.451612903225806939e+00 0.000000000000000000e+00
4.456011730205278631e+00 0.000000000000000000e+00
4.460410557184751212e+00 0.000000000000000000e+00
4.464809384164222905e+00 0.000000000000000000e+00
4.469208211143695486e+00 0.000000000000000000e+00
4.473607038123167179e+00 0.000000000000000000e+00
4.478005865102639760e+00 0.000000000000000000e+00
4.482404692082111453e+00 0.000000000000000000e+00
4.486803519061584034e+00 0.000000000000000000e+00
4.491202346041055726e+00 0.000000000000000000e+00
4.495601173020528307e+00 0.000000000000000000e+00
4.500000000000000000e+00 0.000000000000000000e+00
