0.000000000000000000e+00 0.000000000000000000e+00
4.398826979472141192e-03 0.000000000000000000e+00
8.797653958944282385e-03 1.091788928809048487e-01
1.319648093841642444e-02 2.114668266201296665e-01
1.759530791788856477e-02 3.152701049408546674e-01
2.199413489736070509e-02 4.874896819215185362e-01
2.639296187683284889e-02 6.597092589021825715e-01
3.079178885630498921e-02 8.502782161901081270e-01
3.519061583577712954e-02 1.072165084991371309e+00
3.958944281524927333e-02 1.294051953792635157e+00
4.398826979472141019e-02 1.541445465466358522e+00
4.838709677419355398e-02 1.798895280153753884e+00
5.278592375366569778e-02 2.057977023046563492e+00
5.718475073313783463e-02 2.340531669458764785e+00
6.158357771260997843e-02 2.623086315870967411e+00
6.598240469208212222e-02 2.912697626700057274e+00
7.038123167155425908e-02 3.212347669289643548e+00
7.478005865102639593e-02 3.511997711879229822e+00
7.917888563049854667e-02 3.819893896394928934e+00
8.357771260997068352e-02 4.130386124481823629e+00
8.797653958944282038e-02 4.441517704945192158e+00
9.237536656891497111e-02 4.757911275764251435e+00
9.677419354838710797e-02 5.074304846583311601e+00
1.011730205278592448e-01 5.391596567007600704e+00
1.055718475073313956e-01 5.709959258170600016e+00
1.099706744868035324e-01 6.028321949333599328e+00
1.143695014662756693e-01 6.345742498194884895e+00
1.187683284457478061e-01 6.662933219656836492e+00
1.231671554252199569e-01 6.979565363622082685e+00
1.275659824046921076e-01 7.293073156534336299e+00
1.319648093841642444e-01 7.606580949446585471e+00
1.363636363636363813e-01 7.917248778161108724e+00
1.407624633431085182e-01 8.225070497169225447e+00
1.451612903225806550e-01 8.532892216177346612e+00
1.495601173020527919e-01 8.834549312002790700e+00
1.539589442815249287e-01 9.135094819547768807e+00
1.583577712609970933e-01 9.433977385046828701e+00
1.627565982404692302e-01 9.725994984664012577e+00
1.671554252199413670e-01 1.001801258428119290e+01
1.715542521994135039e-01 1.030487318600905766e+01
1.759530791788856408e-01 1.058738992890423347e+01
1.803519061583577776e-01 1.086990667179941106e+01
1.847507331378299422e-01 1.114330125543797401e+01
1.891495601173020791e-01 1.141557486237212160e+01
1.935483870967742159e-01 1.168527566564325859e+01
1.979472140762463528e-01 1.194675532175002353e+01
2.023460410557184896e-01 1.220823497785678668e+01
2.067448680351906265e-01 1.246315849389943864e+01
2.111436950146627911e-01 1.271345260785093600e+01
2.155425219941349280e-01 1.296374672180242982e+01
2.199413489736070648e-01 1.320335296264400071e+01
2.243401759530792017e-01 1.344220268903070270e+01
2.287390029325513385e-01 1.367778685492497814e+01
2.331378299120234754e-01 1.390504381107458265e+01
2.375366568914956122e-01 1.413230076722418538e+01
2.419354838709677769e-01 1.435222502500457509e+01
2.463343108504399137e-01 1.456783278497190359e+01
2.507331378299120228e-01 1.478344054493922854e+01
2.551319648093842152e-01 1.498768405386690716e+01
2.595307917888563520e-01 1.519166276707404428e+01
2.639296187683284889e-01 1.539188891268440074e+01
2.683284457478006257e-01 1.558432207165199657e+01
2.727272727272727626e-01 1.577675523061959950e+01
2.771260997067448995e-01 1.596151197600007876e+01
2.815249266862170363e-01 1.614253536354055285e+01
2.859237536656891732e-01 1.632332780828031460e+01
2.903225806451613100e-01 1.649312028091244287e+01
2.947214076246334469e-01 1.666291275354457468e+01
2.991202346041055837e-01 1.682864701841135258e+01
3.035190615835777206e-01 1.698742241237263784e+01
3.079178885630498574e-01 1.714619780633392310e+01
3.123167155425220498e-01 1.729725696053557371e+01
3.167155425219941867e-01 1.744525738349132382e+01
3.211143695014663235e-01 1.759258599384864752e+01
3.255131964809384604e-01 1.773007607564824184e+01
3.299120234604105972e-01 1.786756615744783616e+01
3.343108504398827341e-01 1.800084542581457825e+01
3.387096774193548709e-01 1.812810737584091569e+01
3.431085043988270078e-01 1.825536932586726024e+01
3.475073313782991447e-01 1.837508803095586529e+01
3.519061583577712815e-01 1.849241759624741732e+01
3.563049853372434184e-01 1.860871466426405263e+01
3.607038123167155552e-01 1.871641744272991659e+01
3.651026392961876921e-01 1.882412022119578054e+01
3.695014662756598844e-01 1.892758475360934511e+01
3.739002932551320213e-01 1.902597317096349983e+01
3.782991202346041582e-01 1.912436158831765454e+01
3.826979472140762950e-01 1.921552682634684572e+01
3.870967741935484319e-01 1.930491768153391163e+01
3.914956011730205687e-01 1.939300164784086888e+01
3.958944281524927056e-01 1.947371380754982439e+01
4.002932551319648424e-01 1.955442596725877991e+01
4.046920821114369793e-01 1.963097208273239858e+01
4.090909090909091161e-01 1.970332466880719480e+01
4.134897360703812530e-01 1.977567725488198747e+01
4.178885630498533899e-01 1.984122531491535923e+01
4.222873900293255822e-01 1.990553614233839497e+01
4.266862170087977191e-01 1.996834863361220158e+01
4.310850439882698559e-01 2.002493286073352863e+01
4.354838709677419928e-01 2.008151708785485212e+01
4.398826979472141296e-01 2.013408463344319443e+01
4.442815249266862665e-01 2.018325375970969660e+01
4.486803519061584034e-01 2.023242288597620231e+01
4.530791788856305402e-01 2.027526932601076126e+01
4.574780058651026771e-01 2.031733017592932100e+01
4.618768328445748139e-01 2.035777607638912201e+01
4.662756598240469508e-01 2.039303004658303564e+01
4.706744868035190876e-01 2.042828401677694927e+01
4.750733137829912245e-01 2.045972864524800272e+01
4.794721407624634169e-01 2.048847117322639733e+01
4.838709677419355537e-01 2.051721370120479904e+01
4.882697947214076906e-01 2.054015173638077130e+01
4.926686217008798274e-01 2.056267171363468194e+01
4.970674486803519643e-01 2.058352484312030839e+01
5.014662756598240456e-01 2.060010422262390506e+01
5.058651026392961825e-01 2.061668360212750883e+01
5.102639296187684304e-01 2.062970283302423624e+01
5.146627565982405672e-01 2.064061639851610863e+01
5.190615835777127041e-01 2.065152996400798102e+01
5.234604105571848409e-01 2.065717378313788899e+01
5.278592375366569778e-01 2.066268884249805993e+01
5.322580645161291146e-01 2.066653934155299410e+01
5.366568914956012515e-01 2.066691558757567648e+01
5.410557184750733883e-01 2.066729183359835886e+01
5.454545454545455252e-01 2.066438552917527716e+01
5.498533724340176621e-01 2.065987493411996212e+01
5.542521994134897989e-01 2.065527388905985617e+01
5.586510263929619358e-01 2.064612062604264864e+01
5.630498533724340726e-01 2.063696736302544110e+01
5.674486803519062095e-01 2.062619589343421111e+01
5.718475073313783463e-01 2.061263638014736443e+01
5.762463343108504832e-01 2.059907686686051775e+01
5.806451612903226200e-01 2.058253015971635236e+01
5.850439882697947569e-01 2.056479301857704556e+01
5.894428152492668938e-01 2.054680733171142037e+01
5.938416422287390306e-01 2.052511344316321029e+01
5.982404692082111675e-01 2.050341955461501087e+01
6.026392961876833043e-01 2.048018864532897254e+01
6.070381231671554412e-01 2.045475127493540057e+01
6.114369501466275780e-01 2.042931390454182505e+01
6.158357771260997149e-01 2.040119355370834242e+01
6.202346041055719628e-01 2.037221839924180600e+01
6.246334310850440996e-01 2.034288875644805472e+01
6.290322580645162365e-01 2.031057406673183863e+01
6.334310850439883733e-01 2.027825937701561543e+01
6.378299120234605102e-01 2.024451549495913838e+01
6.422287390029326470e-01 2.020905224413279200e+01
6.466275659824047839e-01 2.017358899330644562e+01
6.510263929618769208e-01 2.013574885770644229e+01
6.554252199413490576e-01 2.009732084599544422e+01
6.598240469208211945e-01 2.005847608247478320e+01
6.642228739002933313e-01 2.001726010378221332e+01
6.686217008797654682e-01 1.997604412508964700e+01
6.730205278592376050e-01 1.993352627147826439e+01
6.774193548387097419e-01 1.988969227615369917e+01
6.818181818181818787e-01 1.984585828082913750e+01
6.862170087976540156e-01 1.979994990767796637e+01
6.906158357771261525e-01 1.975366115943366907e+01
6.950146627565982893e-01 1.970692932624897509e+01
6.994134897360704262e-01 1.965834260633018005e+01
7.038123167155425630e-01 1.960975588641138856e+01
7.082111436950146999e-01 1.956000819406807167e+01
7.126099706744868367e-01 1.950927394555924366e+01
7.170087976539589736e-01 1.945853969705040853e+01
7.214076246334311104e-01 1.940602580927469845e+01
7.258064516129032473e-01 1.935328831702921448e+01
7.302052785923753842e-01 1.930011042762025397e+01
7.346041055718476320e-01 1.924550802312246134e+01
7.390029325513197689e-01 1.919090561862467226e+01
7.434017595307919057e-01 1.913529160445715505e+01
7.478005865102640426e-01 1.907895681937151977e+01
7.521994134897361795e-01 1.902262203428588805e+01
7.565982404692083163e-01 1.896479142103776283e+01
7.609970674486804532e-01 1.890685117423387851e+01
7.653958944281525900e-01 1.884849614825591146e+01
7.697947214076247269e-01 1.878907192415233851e+01
7.741935483870968637e-01 1.872964770004876911e+01
7.785923753665690006e-01 1.866936551538826095e+01
7.829912023460411374e-01 1.860857353361507549e+01
7.873900293255132743e-01 1.854778155184189004e+01
7.917888563049854111e-01 1.848576431670388942e+01
7.961876832844575480e-01 1.842371572341185271e+01
8.005865102639296849e-01 1.836129574156739963e+01
8.049853372434018217e-01 1.829809676296675036e+01
8.093841642228739586e-01 1.823489778436609754e+01
8.137829912023460954e-01 1.817099539807291464e+01
8.181818181818182323e-01 1.810674751003011451e+01
8.225806451612903691e-01 1.804248212527101813e+01
8.269794721407625060e-01 1.797728223185854901e+01
8.313782991202346428e-01 1.791208233844607989e+01
8.357771260997067797e-01 1.784656771130028119e+01
8.401759530791789166e-01 1.778050829295817081e+01
8.445747800586511644e-01 1.771444887461605333e+01
8.489736070381233013e-01 1.764783878654304417e+01
8.533724340175954381e-01 1.758100805935186983e+01
8.577712609970675750e-01 1.751413492402499728e+01
8.621700879765397119e-01 1.744661700400138571e+01
8.665689149560118487e-01 1.737909908397777059e+01
8.709677419354839856e-01 1.731133257953233695e+01
8.753665689149561224e-01 1.724320762325433876e+01
8.797653958944282593e-01 1.717508266697633701e+01
8.841642228739003961e-01 1.710655583276896508e+01
8.885630498533725330e-01 1.703790018712732035e+01
8.929618768328446698e-01 1.696919641930290013e+01
8.973607038123168067e-01 1.690008276464640247e+01
9.017595307917889436e-01 1.683096910998990836e+01
9.061583577712610804e-01 1.676167936533298075e+01
9.105571847507332173e-01 1.669217685231016191e+01
9.149560117302053541e-01 1.662267433928733951e+01
9.193548387096774910e-01 1.655291315149785092e+01
9.237536656891496278e-01 1.648308754081324068e+01
9.281524926686217647e-01 1.641322325652037861e+01
9.325513196480939015e-01 1.634313704469919770e+01
9.369501466275660384e-01 1.627305083287802034e+01
9.413489736070381753e-01 1.620286477087604382e+01
9.457478005865103121e-01 1.613257731788353411e+01
9.501466275659824490e-01 1.606228986489102439e+01
9.545454545454545858e-01 1.599188013122733310e+01
9.589442815249268337e-01 1.592144778595450560e+01
9.633431085043989706e-01 1.585099790882042292e+01
9.677419354838711074e-01 1.578047412550318107e+01
9.721407624633432443e-01 1.570995034218594277e+01
9.765395894428153811e-01 1.563940456724553130e+01
9.809384164222875180e-01 1.556884002133952372e+01
9.853372434017596548e-01 1.549827547543351436e+01
9.897360703812317917e-01 1.542771735875742323e+01
9.941348973607039285e-01 1.535716005888898117e+01
9.985337243401760654e-01 1.528661514561621360e+01
1.002932551319648091e+00 1.521611053937318481e+01
1.007331378299120228e+00 1.514560593313015424e+01
1.011730205278592365e+00 1.507515710626047856e+01
1.016129032258064724e+00 1.500474818807114907e+01
1.020527859237536861e+00 1.493433926988182670e+01
1.024926686217008998e+00 1.486405722587732470e+01
1.029325513196481134e+00 1.479378463899372775e+01
1.033724340175953271e+00 1.472356067862744133e+01
1.038123167155425408e+00 1.465346279779405059e+01
1.042521994134897545e+00 1.458336491696066339e+01
1.046920821114369682e+00 1.451339912906496110e+01
1.051319648093841819e+00 1.444351217081201355e+01
1.055718475073313956e+00 1.437362521255906600e+01
1.060117302052786092e+00 1.430397694960566568e+01
1.064516129032258229e+00 1.423433506728587972e+01
1.068914956011730366e+00 1.416478235797719343e+01
1.073313782991202503e+00 1.409541769745357875e+01
1.077712609970674640e+00 1.402605303692996941e+01
1.082111436950146777e+00 1.395689426087522911e+01
1.086510263929618914e+00 1.388783707600689787e+01
1.090909090909091050e+00 1.381878570192383471e+01
1.095307917888563187e+00 1.375006443943217604e+01
1.099706744868035324e+00 1.368134317694051383e+01
1.104105571847507461e+00 1.361275426228782770e+01
1.108504398826979598e+00 1.354439559661527426e+01
1.112903225806451735e+00 1.347603693094272082e+01
1.117302052785923872e+00 1.340795460899139968e+01
1.121700879765396008e+00 1.333998356058792467e+01
1.126099706744868145e+00 1.327203743525751634e+01
1.130498533724340282e+00 1.320447744614790153e+01
1.134897360703812419e+00 1.313691745703828673e+01
1.139296187683284556e+00 1.306953425164721772e+01
1.143695014662756693e+00 1.300240720225649405e+01
1.148093841642228830e+00 1.293528015286577038e+01
1.152492668621700966e+00 1.286849597661918665e+01
1.156891495601173103e+00 1.280182230561041301e+01
1.161290322580645240e+00 1.273519775191815739e+01
1.165689149560117377e+00 1.266899652330828374e+01
1.170087976539589514e+00 1.260279529469840831e+01
1.174486803519061651e+00 1.253681544286553162e+01
1.178885630498533788e+00 1.247110434734126372e+01
1.183284457478005924e+00 1.240539325181699404e+01
1.187683284457478061e+00 1.234008720828341055e+01
1.192082111436950198e+00 1.227488268356575496e+01
1.196480938416422335e+00 1.220975502115891764e+01
1.200879765395894472e+00 1.214507231147485022e+01
1.205278592375366609e+00 1.208038960179078103e+01
1.209677419354838745e+00 1.201597213975596112e+01
1.214076246334310882e+00 1.195182528390875909e+01
1.218475073313783019e+00 1.188767842806155528e+01
1.222873900293255156e+00 1.182399417795939200e+01
1.227272727272727293e+00 1.176039612938077816e+01
1.231671554252199430e+00 1.169690497311192878e+01
1.236070381231671567e+00 1.163386765244670684e+01
1.240469208211143926e+00 1.157083033178148135e+01
1.244868035190616062e+00 1.150810071847488381e+01
1.249266862170088199e+00 1.144563499042629928e+01
1.253665689149560336e+00 1.138316926237771831e+01
1.258064516129032473e+00 1.132121891417827442e+01
1.262463343108504610e+00 1.125933470656209323e+01
1.266862170087976747e+00 1.119758866859553059e+01
1.271260997067448884e+00 1.113629501873999672e+01
1.275659824046921020e+00 1.107500136888446640e+01
1.280058651026393157e+00 1.101405594658538334e+01
1.284457478005865294e+00 1.095336096874666865e+01
1.288856304985337431e+00 1.089266599090795395e+01
1.293255131964809568e+00 1.083253433030313317e+01
1.297653958944281705e+00 1.077244533316344821e+01
1.302052785923753842e+00 1.071252618788930278e+01
1.306451612903225978e+00 1.065304971541816315e+01
1.310850439882698115e+00 1.059357324294702707e+01
1.315249266862170252e+00 1.053448318516279514e+01
1.319648093841642389e+00 1.047562497619070854e+01
1.324046920821114526e+00 1.041676676721862194e+01
1.328445747800586663e+00 1.035851499743855264e+01
1.332844574780058799e+00 1.030028010114831893e+01
1.337243401759530936e+00 1.024224646775259551e+01
1.341642228739003073e+00 1.018463927959186499e+01
1.346041055718475210e+00 1.012703209143113980e+01
1.350439882697947347e+00 1.006984689092463192e+01
1.354838709677419484e+00 1.001287110573779948e+01
1.359237536656891621e+00 9.955905639381095185e+00
1.363636363636363757e+00 9.899564364532551508e+00
1.368035190615835894e+00 9.843223089684007832e+00
1.372434017595308031e+00 9.787113682793053826e+00
1.376832844574780168e+00 9.731409469667323009e+00
1.381231671554252305e+00 9.675705256541590416e+00
1.385630498533724442e+00 9.620455802007596091e+00
1.390029325513196579e+00 9.565390593928801977e+00
1.394428152492668715e+00 9.510363554154716681e+00
1.398826979472140852e+00 9.455938796856305117e+00
1.403225806451612989e+00 9.401514039557897107e+00
1.407624633431085126e+00 9.347350533988436183e+00
1.412023460410557263e+00 9.293567203185981285e+00
1.416422287390029400e+00 9.239783872383526386e+00
1.420821114369501537e+00 9.186485157943522495e+00
1.425219941348973673e+00 9.133343703117825285e+00
1.429618768328445810e+00 9.080268319332869709e+00
1.434017595307917947e+00 9.027768771324240049e+00
1.438416422287390084e+00 8.975269223315610390e+00
1.442815249266862221e+00 8.923058774729504705e+00
1.447214076246334358e+00 8.871200769820831056e+00
1.451612903225806495e+00 8.819342764912157406e+00
1.456011730205278631e+00 8.767996272456072049e+00
1.460410557184750768e+00 8.716778992957737060e+00
1.464809384164223127e+00 8.665655256961743547e+00
1.469208211143695264e+00 8.615077535762702965e+00
1.473607038123167401e+00 8.564499814563662383e+00
1.478005865102639538e+00 8.514237273819876606e+00
1.482404692082111675e+00 8.464297615374155370e+00
1.486803519061583811e+00 8.414357956928435911e+00
1.491202346041055948e+00 8.364953747436315368e+00
1.495601173020528085e+00 8.315650265965171428e+00
1.500000000000000222e+00 8.266466988803285787e+00
1.504398826979472359e+00 8.217797509680600854e+00
1.508797653958944496e+00 8.169128030557915920e+00
1.513196480938416633e+00 8.120797885811493089e+00
1.517595307917888769e+00 8.072759963806575456e+00
1.521994134897360906e+00 8.024722041801657824e+00
1.526392961876833043e+00 7.977240588156385925e+00
1.530791788856305180e+00 7.929831443958977211e+00
1.535190615835777317e+00 7.882568058216004481e+00
1.539589442815249454e+00 7.835784676572194130e+00
1.543988269794721591e+00 7.789001294928386443e+00
1.548387096774193727e+00 7.742579372065805821e+00
1.552785923753665864e+00 7.696418517592815256e+00
1.557184750733138001e+00 7.650257663119824691e+00
1.561583577712610138e+00 7.604671453585631902e+00
1.565982404692082275e+00 7.559129606228043308e+00
1.570381231671554412e+00 7.513757742521899985e+00
1.574780058651026549e+00 7.468831192386679696e+00
1.579178885630498685e+00 7.423904642251459407e+00
1.583577712609970822e+00 7.379359591077266245e+00
1.587976539589442959e+00 7.335044452102655654e+00
1.592375366568915096e+00 7.290729313128045064e+00
1.596774193548387233e+00 7.247004251617568116e+00
1.601173020527859370e+00 7.203296396482545383e+00
1.605571847507331507e+00 7.159781259899007821e+00
1.609970674486803643e+00 7.116676411533416235e+00
1.614369501466275780e+00 7.073571563167825538e+00
1.618768328445747917e+00 7.030866153863044588e+00
1.623167155425220054e+00 6.988359897222306216e+00
1.627565982404692191e+00 6.945862550184281226e+00
1.631964809384164328e+00 6.903950267057746615e+00
1.636363636363636465e+00 6.862037983931212892e+00
1.640762463343108601e+00 6.820339553401818300e+00
1.645161290322580738e+00 6.779016510597014822e+00
1.649560117302052875e+00 6.737693467792213120e+00
1.653958944281525012e+00 6.696785719539109394e+00
1.658357771260997149e+00 6.656047078986528476e+00
1.662756598240469286e+00 6.615342236440106660e+00
1.667155425219941423e+00 6.575182990278807260e+00
1.671554252199413559e+00 6.535023744117506972e+00
1.675953079178885696e+00 6.495097815261983598e+00
1.680351906158357833e+00 6.455512870716163754e+00
1.684750733137829970e+00 6.415927926170345685e+00
1.689149560117302329e+00 6.376772087464891214e+00
1.693548387096774466e+00 6.337756275478378498e+00
1.697947214076246603e+00 6.298797785487168177e+00
1.702346041055718739e+00 6.260345796405260899e+00
1.706744868035190876e+00 6.221893807323354508e+00
1.711143695014663013e+00 6.183692897040510061e+00
1.715542521994135150e+00 6.145799362213227646e+00
1.719941348973607287e+00 6.107905827385946118e+00
1.724340175953079424e+00 6.070453225421641896e+00
1.728739002932551561e+00 6.033112724545253158e+00
1.733137829912023697e+00 5.995851610956949962e+00
1.737536656891495834e+00 5.959058608619084652e+00
1.741935483870967971e+00 5.922265606281219341e+00
1.746334310850440108e+00 5.885739735359901914e+00
1.750733137829912245e+00 5.849488659416927305e+00
1.755131964809384382e+00 5.813237583473951808e+00
1.759530791788856519e+00 5.777437338874408468e+00
1.763929618768328655e+00 5.741722563834758652e+00
1.768328445747800792e+00 5.706107844425782005e+00
1.772727272727272929e+00 5.670923697710911426e+00
1.777126099706745066e+00 5.635739550996039959e+00
1.781524926686217203e+00 5.600836908703707095e+00
1.785923753665689340e+00 5.566177699561476899e+00
1.790322580645161477e+00 5.531518490419245815e+00
1.794721407624633613e+00 5.497318206651754302e+00
1.799120234604105750e+00 5.463178164612060961e+00
1.803519061583577887e+00 5.429157174644529960e+00
1.807917888563050024e+00 5.395530522654437000e+00
1.812316715542522161e+00 5.361903870664344929e+00
1.816715542521994298e+00 5.328571427997180088e+00
1.821114369501466435e+00 5.295452387037748565e+00
1.825513196480938571e+00 5.262333346078317931e+00
1.829912023460410708e+00 5.229679595314298268e+00
1.834310850439882845e+00 5.197062324223250762e+00
1.838709677419354982e+00 5.164581548452907178e+00
1.843108504398827119e+00 5.132460214008306210e+00
1.847507331378299256e+00 5.100338879563705241e+00
1.851906158357771393e+00 5.068522852244426780e+00
1.856304985337243529e+00 5.036891632984624501e+00
1.860703812316715666e+00 5.005260413724821333e+00
1.865102639296187803e+00 4.974099219581138875e+00
1.869501466275659940e+00 4.942952247120278919e+00
1.873900293255132077e+00 4.911957673636078603e+00
1.878299120234604214e+00 4.881289099774312135e+00
1.882697947214076351e+00 4.850620525912543002e+00
1.887096774193548487e+00 4.820266810270750213e+00
1.891495601173020624e+00 4.790070810118613132e+00
1.895894428152492761e+00 4.759881327486394476e+00
1.900293255131964898e+00 4.730152042371215337e+00
1.904692082111437035e+00 4.700422757256036199e+00
1.909090909090909172e+00 4.670860264308644538e+00
1.913489736070381309e+00 4.641591865993986765e+00
1.917888563049853667e+00 4.612323467679327216e+00
1.922287390029325804e+00 4.583378000485960335e+00
1.926686217008797941e+00 4.554564693689986399e+00
1.931085043988270078e+00 4.525777129382078989e+00
1.935483870967742215e+00 4.497413096349026418e+00
1.939882697947214352e+00 4.469049063315972958e+00
1.944281524926686489e+00 4.440864746558030873e+00
1.948680351906158625e+00 4.412944208472942442e+00
1.953079178885630762e+00 4.385023670387855788e+00
1.957478005865102899e+00 4.357432732438175194e+00
1.961876832844575036e+00 4.329949951418478271e+00
1.966275659824047173e+00 4.302510643779343447e+00
1.970674486803519310e+00 4.275459869164818905e+00
1.975073313782991447e+00 4.248409094550294363e+00
1.979472140762463583e+00 4.221549542095197616e+00
1.983870967741935720e+00 4.194925069146511198e+00
1.988269794721407857e+00 4.168300596197823893e+00
1.992668621700879994e+00 4.142011066666562158e+00
1.997067448680352131e+00 4.115807238099995935e+00
2.001466275659824046e+00 4.089663152364838794e+00
2.005865102639296182e+00 4.063874306396379588e+00
2.010263929618768319e+00 4.038085460427918605e+00
2.014662756598240456e+00 4.012497982279993991e+00
2.019061583577712593e+00 3.987118508697729879e+00
2.023460410557184730e+00 3.961739035115465768e+00
2.027859237536657311e+00 3.936698602896196331e+00
2.032258064516129448e+00 3.911722944199897967e+00
2.036656891495601585e+00 3.886821878789349149e+00
2.041055718475073721e+00 3.862244480009063174e+00
2.045454545454545858e+00 3.837667081228776755e+00
2.049853372434017995e+00 3.813299898878335092e+00
2.054252199413490132e+00 3.789115261111458022e+00
2.058651026392962269e+00 3.764930623344580951e+00
2.063049853372434406e+00 3.741087960863887396e+00
2.067448680351906543e+00 3.717290642074048357e+00
2.071847507331378679e+00 3.693581398024869955e+00
2.076246334310850816e+00 3.670165964642307710e+00
2.080645161290322953e+00 3.646750531259745909e+00
2.085043988269795090e+00 3.623552932561988182e+00
2.089442815249267227e+00 3.600514010576339796e+00
2.093841642228739364e+00 3.577475088590689634e+00
2.098240469208211501e+00 3.554779992946843770e+00
2.102639296187683637e+00 3.532112268413252210e+00
2.107038123167155774e+00 3.509544786715908860e+00
2.111436950146627911e+00 3.487242959133437736e+00
2.115835777126100048e+00 3.464941131550967057e+00
2.120234604105572185e+00 3.442863595408540256e+00
2.124633431085044322e+00 3.420922426459282129e+00
2.129032258064516459e+00 3.398981257510024445e+00
2.133431085043988595e+00 3.377384763217035513e+00
2.137829912023460732e+00 3.355799077021696331e+00
2.142228739002932869e+00 3.334324548075754180e+00
2.146627565982405006e+00 3.313089186336911407e+00
2.151026392961877143e+00 3.291853824598068190e+00
2.155425219941349280e+00 3.270848119435373125e+00
2.159824046920821417e+00 3.249957987912788671e+00
2.164222873900293553e+00 3.229072254950378085e+00
2.168621700879765690e+00 3.208522323503117502e+00
2.173020527859237827e+00 3.187972392055856474e+00
2.177419354838709964e+00 3.167543340957303055e+00
2.181818181818182101e+00 3.147328600430892909e+00
2.186217008797654238e+00 3.127113859904483206e+00
2.190615835777126374e+00 3.107133119450099290e+00
2.195014662756598511e+00 3.087248625976672045e+00
2.199413489736070648e+00 3.067382438593306837e+00
2.203812316715542785e+00 3.047823313452843852e+00
2.208211143695014922e+00 3.028264188312380423e+00
2.212609970674487059e+00 3.008834539246302509e+00
2.217008797653959196e+00 2.989595927470172665e+00
2.221407624633431332e+00 2.970357315694042821e+00
2.225806451612903469e+00 2.951356095169280991e+00
2.230205278592375606e+00 2.932433207752393578e+00
2.234604105571847743e+00 2.913541294793752900e+00
2.239002932551319880e+00 2.894929408403481119e+00
2.243401759530792017e+00 2.876317522013208894e+00
2.247800586510264154e+00 2.857842644634545071e+00
2.252199413489736290e+00 2.839537061897785097e+00
2.256598240469208427e+00 2.821231479161025124e+00
2.260997067448680564e+00 2.803165794601814031e+00
2.265395894428152701e+00 2.785161884314544700e+00
2.269794721407624838e+00 2.767200439332170969e+00
2.274193548387096975e+00 2.749493636041101308e+00
2.278592375366569112e+00 2.731786832750032090e+00
2.282991202346041248e+00 2.714223573088883512e+00
2.287390029325513385e+00 2.696809339024784702e+00
2.291788856304985522e+00 2.679395104960685448e+00
2.296187683284457659e+00 2.662222458071432651e+00
2.300586510263929796e+00 2.645096321439575959e+00
2.304985337243401933e+00 2.628023025866327078e+00
2.309384164222874070e+00 2.611180580322724154e+00
2.313782991202346206e+00 2.594338134779121674e+00
2.318181818181818343e+00 2.577644832900349403e+00
2.322580645161290480e+00 2.561081701090671459e+00
2.326979472140762617e+00 2.544518569280993070e+00
2.331378299120234754e+00 2.528197959928035754e+00
2.335777126099706891e+00 2.511909829940255801e+00
2.340175953079179028e+00 2.495683864158248166e+00
2.344574780058651164e+00 2.479666488912589895e+00
2.348973607038123301e+00 2.463649113666932511e+00
2.353372434017595438e+00 2.447785610042175541e+00
2.357771260997067575e+00 2.432034772392180244e+00
2.362170087976539712e+00 2.416283934742184947e+00
2.366568914956011849e+00 2.400775862936822325e+00
2.370967741935483986e+00 2.385287410363323701e+00
2.375366568914956122e+00 2.369869454482709692e+00
2.379765395894428259e+00 2.354639298414111348e+00
2.384164222873900396e+00 2.339409142345513004e+00
2.388563049853372533e+00 2.324336774655300975e+00
2.392961876832844670e+00 2.309360857085328345e+00
2.397360703812316807e+00 2.294384939515355271e+00
2.401759530791788944e+00 2.279651398508405258e+00
2.406158357771261080e+00 2.264925725008179125e+00
2.410557184750733217e+00 2.250277950950764883e+00
2.414956011730205354e+00 2.235798589933871483e+00
2.419354838709677491e+00 2.221319228916977639e+00
2.423753665689149628e+00 2.207000820787914375e+00
2.428152492668621765e+00 2.192763871597900316e+00
2.432551319648093902e+00 2.178529760001153726e+00
2.436950146627566038e+00 2.164531384316027651e+00
2.441348973607038175e+00 2.150533008630900689e+00
2.445747800586510312e+00 2.136619064914225596e+00
2.450146627565982449e+00 2.122855485968916600e+00
2.454545454545454586e+00 2.109091907023607604e+00
2.458944281524926723e+00 2.095491750017430377e+00
2.463343108504398860e+00 2.081959222113030084e+00
2.467741935483870996e+00 2.068439251041799931e+00
2.472140762463343133e+00 2.055134089414444087e+00
2.476539589442815270e+00 2.041828927787087800e+00
2.480938416422287851e+00 2.028613918229129176e+00
2.485337243401759988e+00 2.015532498240669046e+00
2.489736070381232125e+00 2.002451078252208028e+00
2.494134897360704262e+00 1.989534908257249324e+00
2.498533724340176398e+00 1.976673636277756607e+00
2.502932551319648535e+00 1.963833713897807476e+00
2.507331378299120672e+00 1.951189055708234310e+00
2.511730205278592809e+00 1.938544397518661144e+00
2.516129032258064946e+00 1.925994854928293920e+00
2.520527859237537083e+00 1.913563334888762624e+00
2.524926686217009220e+00 1.901131814849230883e+00
2.529325513196481356e+00 1.888866783877823918e+00
2.533724340175953493e+00 1.876644957134624425e+00
2.538123167155425630e+00 1.864452404007938213e+00
2.542521994134897767e+00 1.852436883496950459e+00
2.546920821114369904e+00 1.840421362985962705e+00
2.551319648093842041e+00 1.828505218767325413e+00
2.555718475073314178e+00 1.816692674367969440e+00
2.560117302052786314e+00 1.804880129968613467e+00
2.564516129032258451e+00 1.793234774234231166e+00
2.568914956011730588e+00 1.781621906252320198e+00
2.573313782991202725e+00 1.770045422997524431e+00
2.577712609970674862e+00 1.758628987833927404e+00
2.582111436950146999e+00 1.747212552670329710e+00
2.586510263929619136e+00 1.735899103148373701e+00
2.590909090909091272e+00 1.724675912445533088e+00
2.595307917888563409e+00 1.713452721742692697e+00
2.599706744868035546e+00 1.702396926776072350e+00
2.604105571847507683e+00 1.691363822128411076e+00
2.608504398826979820e+00 1.680373454210758455e+00
2.612903225806451957e+00 1.669527331560621386e+00
2.617302052785924094e+00 1.658681208910484761e+00
2.621700879765396230e+00 1.647941079078269144e+00
2.626099706744868367e+00 1.637278887860883714e+00
2.630498533724340504e+00 1.626616696643498283e+00
2.634897360703812641e+00 1.616121660105970248e+00
2.639296187683284778e+00 1.605640379139687823e+00
2.643695014662756915e+00 1.595207479436421494e+00
2.648093841642229052e+00 1.584904140105540593e+00
2.652492668621701188e+00 1.574600800774659470e+00
2.656891495601173325e+00 1.564405906068898844e+00
2.661290322580645462e+00 1.554277591472070341e+00
2.665689149560117599e+00 1.544149276875241839e+00
2.670087976539589736e+00 1.534187469638426782e+00
2.674486803519061873e+00 1.524231291611728212e+00
2.678885630498534010e+00 1.514328481311107977e+00
2.683284457478006146e+00 1.504541602454992022e+00
2.687683284457478283e+00 1.494754723598876289e+00
2.692082111436950420e+00 1.485078230227376173e+00
2.696480938416422557e+00 1.475457863062726416e+00
2.700879765395894694e+00 1.465839236802751744e+00
2.705278592375366831e+00 1.456382621880689676e+00
2.709677419354838968e+00 1.446926006958627164e+00
2.714076246334311104e+00 1.437527135273780177e+00
2.718475073313783241e+00 1.428231562101646590e+00
2.722873900293255378e+00 1.418935988929513226e+00
2.727272727272727515e+00 1.409752273201140493e+00
2.731671554252199652e+00 1.400615079409710528e+00
2.736070381231671789e+00 1.391486290306780838e+00
2.740469208211143926e+00 1.382504840801732637e+00
2.744868035190616062e+00 1.373523391296684881e+00
2.749266862170088199e+00 1.364603494407587769e+00
2.753665689149560336e+00 1.355775201247125583e+00
2.758064516129032473e+00 1.346946908086663175e+00
2.762463343108504610e+00 1.338231515130311244e+00
2.766862170087976747e+00 1.329553836706467651e+00
2.771260997067448884e+00 1.320890568078635585e+00
2.775659824046921020e+00 1.312360989266414757e+00
2.780058651026393157e+00 1.303831410454193929e+00
2.784457478005865294e+00 1.295366670031417256e+00
2.788856304985337431e+00 1.286982721068466784e+00
2.793255131964809568e+00 1.278598772105516090e+00
2.797653958944281705e+00 1.270328374308103969e+00
2.802052785923753842e+00 1.262087629992484139e+00
2.806451612903225978e+00 1.253866687287202852e+00
2.810850439882698115e+00 1.245766748081434505e+00
2.815249266862170252e+00 1.237666808875665714e+00
2.819648093841642389e+00 1.229634510487108034e+00
2.824046920821114526e+00 1.221673020448097002e+00
2.828445747800586663e+00 1.213711530409086414e+00
2.832844574780058799e+00 1.205863885853099671e+00
2.837243401759530936e+00 1.198038531848330868e+00
2.841642228739003073e+00 1.190237801096538428e+00
2.846041055718475210e+00 1.182546294821461341e+00
2.850439882697947347e+00 1.174854788546384476e+00
2.854838709677419484e+00 1.167233280202226942e+00
2.859237536656891621e+00 1.159673375206576873e+00
2.863636363636363757e+00 1.152113470210927026e+00
2.868035190615835894e+00 1.144667381348563495e+00
2.872434017595308031e+00 1.137236872272502364e+00
2.876832844574780168e+00 1.129835278807101107e+00
2.881231671554252305e+00 1.122531984271686323e+00
2.885630498533724442e+00 1.115228689736271317e+00
2.890029325513196579e+00 1.107997340787094220e+00
2.894428152492668715e+00 1.100819119561079029e+00
2.898826979472140852e+00 1.093640898335064282e+00
2.903225806451612989e+00 1.086576171097996646e+00
2.907624633431085126e+00 1.079520921355114904e+00
2.912023460410557263e+00 1.072498388988218698e+00
2.916422287390029400e+00 1.065564032031780295e+00
2.920821114369501537e+00 1.058629675075342114e+00
2.925219941348973673e+00 1.051768835643051014e+00
2.929618768328446254e+00 1.044953331255339402e+00
2.934017595307918391e+00 1.038137826867628233e+00
2.938416422287390528e+00 1.031435225594109495e+00
2.942815249266862665e+00 1.024736566364643053e+00
2.947214076246334802e+00 1.018073998365581767e+00
2.951612903225806939e+00 1.011490209121364003e+00
2.956011730205279076e+00 1.004906419877146018e+00
2.960410557184751212e+00 9.983973793124885088e-01
2.964809384164223349e+00 9.919265215641905886e-01
2.969208211143695486e+00 9.854567291131660633e-01
2.973607038123167623e+00 9.790968860869853074e-01
2.978005865102639760e+00 9.727370430608045515e-01
2.982404692082111897e+00 9.664162181111638494e-01
2.986803519061584034e+00 9.601655088243360447e-01
2.991202346041056170e+00 9.539147995375083511e-01
2.995601173020528307e+00 9.477397525855945082e-01
3.000000000000000444e+00 9.415963311637394195e-01
3.004398826979472581e+00 9.354584918211572564e-01
3.008797653958944718e+00 9.294205332668831199e-01
3.013196480938416855e+00 9.233825747126088723e-01
3.017595307917888992e+00 9.173861740215125682e-01
3.021994134897361128e+00 9.114518875757233740e-01
3.026392961876833265e+00 9.055176011299341798e-01
3.030791788856305402e+00 8.996596041907922725e-01
3.035190615835777539e+00 8.938272326732707995e-01
3.039589442815249676e+00 8.880045045377473745e-01
3.043988269794721813e+00 8.822723108184497010e-01
3.048387096774193949e+00 8.765401170991520274e-01
3.052785923753666086e+00 8.708516644767485548e-01
3.057184750733138223e+00 8.652179441583545128e-01
3.061583577712610360e+00 8.595842238399605817e-01
3.065982404692082497e+00 8.540271597320514552e-01
3.070381231671554634e+00 8.484902405139120862e-01
3.074780058651026771e+00 8.429666035812123370e-01
3.079178885630498907e+00 8.375248324005506451e-01
3.083577712609971044e+00 8.320830612198890641e-01
3.087976539589443181e+00 8.266868864555293461e-01
3.092375366568915318e+00 8.213386415250631956e-01
3.096774193548387455e+00 8.159903965945971560e-01
3.101173020527859592e+00 8.107189383939793492e-01
3.105571847507331729e+00 8.054626285891773874e-01
3.109970674486803865e+00 8.002228487259301914e-01
3.114369501466276002e+00 7.950569013646651140e-01
3.118768328445748139e+00 7.898909540034002585e-01
3.123167155425220276e+00 7.847721573118076055e-01
3.127565982404692413e+00 7.796950295792558494e-01
3.131964809384164550e+00 7.746179018467038713e-01
3.136363636363636687e+00 7.696174778121986915e-01
3.140762463343108823e+00 7.646276561712543884e-01
3.145161290322580960e+00 7.596572501795414434e-01
3.149560117302053097e+00 7.547532387587163605e-01
3.153958944281525234e+00 7.498492273378911666e-01
3.158357771260997371e+00 7.449936449108800485e-01
3.162756598240469508e+00 7.401739763471725242e-01
3.167155425219941645e+00 7.353543077834648889e-01
3.171554252199413781e+00 7.306110673999021143e-01
3.175953079178885918e+00 7.258743022721043658e-01
3.180351906158358055e+00 7.211595040754094077e-01
3.184750733137830192e+00 7.165042198713010846e-01
3.189149560117302329e+00 7.118489356671925394e-01
3.193548387096774466e+00 7.072431063564134091e-01
3.197947214076246603e+00 7.026679077628215087e-01
3.202346041055718739e+00 6.980927091692293862e-01
3.206744868035190876e+00 6.935934903295394305e-01
3.211143695014663013e+00 6.890970086881907930e-01
3.215542521994135150e+00 6.846247366581169613e-01
3.219941348973607287e+00 6.802056194843840720e-01
3.224340175953079424e+00 6.757865023106511826e-01
3.228739002932551561e+00 6.714176354564767024e-01
3.233137829912023697e+00 6.670745562044551047e-01
3.237536656891495834e+00 6.627321167492019605e-01
3.241935483870967971e+00 6.584637742896797263e-01
3.246334310850440108e+00 6.541954318301576032e-01
3.250733137829912245e+00 6.499532572638434536e-01
3.255131964809384382e+00 6.457583659280461408e-01
3.259530791788856519e+00 6.415634745922489390e-01
3.263929618768328655e+00 6.374194190050685993e-01
3.268328445747800792e+00 6.332967178512345363e-01
3.272727272727272929e+00 6.291776987566072288e-01
3.277126099706745066e+00 6.251259510695872379e-01
3.281524926686217203e+00 6.210742033825672470e-01
3.285923753665689340e+00 6.170503201326636988e-01
3.290322580645161477e+00 6.130683039672716328e-01
3.294721407624633613e+00 6.090862878018797888e-01
3.299120234604105750e+00 6.051555018945534714e-01
3.303519061583577887e+00 6.012420188688176736e-01
3.307917888563050024e+00 5.973349501507176917e-01
3.312316715542522161e+00 5.934888249665963844e-01
3.316715542521994298e+00 5.896426997824751881e-01
3.321114369501466435e+00 5.858258950347072780e-01
3.325513196480938571e+00 5.820459664967481128e-01
3.329912023460410708e+00 5.782660379587889476e-01
3.334310850439882845e+00 5.745375610226605145e-01
3.338709677419354982e+00 5.708226903818950371e-01
3.343108504398827119e+00 5.671166794675576162e-01
3.347507331378299256e+00 5.634657499627667709e-01
3.351906158357771393e+00 5.598148204579758147e-01
3.356304985337243529e+00 5.561944466455563951e-01
3.360703812316715666e+00 5.526063549740310998e-01
3.365102639296187803e+00 5.490182633025059156e-01
3.369501466275659940e+00 5.454816879140490515e-01
3.373900293255132077e+00 5.419553521489198777e-01
3.378299120234604658e+00 5.384400564249472998e-01
3.382697947214076795e+00 5.349744155764011300e-01
3.387096774193548931e+00 5.315087747278548491e-01
3.391495601173021068e+00 5.280747225672172140e-01
3.395894428152493205e+00 5.246687284832016740e-01
3.400293255131965342e+00 5.212627343991862450e-01
3.404692082111437479e+00 5.179081799399246622e-01
3.409090909090909616e+00 5.145608048185760230e-01
3.413489736070381753e+00 5.112264052897470545e-01
3.417888563049853889e+00 5.079366412599461977e-01
3.422287390029326026e+00 5.046468772301454520e-01
3.426686217008798163e+00 5.013895498584824972e-01
3.431085043988270300e+00 4.981564012893511251e-01
3.435483870967742437e+00 4.949232527202200305e-01
3.439882697947214574e+00 4.917413399889081216e-01
3.444281524926686711e+00 4.885638306179229673e-01
3.448680351906158847e+00 4.854010066553311464e-01
3.453079178885630984e+00 4.822781791876026847e-01
3.457478005865103121e+00 4.791553517198741674e-01
3.461876832844575258e+00 4.760656399117165205e-01
3.466275659824047395e+00 4.729965487180836092e-01
3.470674486803519532e+00 4.699274575244508090e-01
3.475073313782991669e+00 4.669092844175385393e-01
3.479472140762463805e+00 4.638930022979496082e-01
3.483870967741935942e+00 4.608929074521537772e-01
3.488269794721408079e+00 4.579285252530287953e-01
3.492668621700880216e+00 4.549641430539038134e-01
3.497067448680352353e+00 0.000000000000000000e+00
3.501466275659824490e+00 0.000000000000000000e+00
3.505865102639296627e+00 0.000000000000000000e+00
3.510263929618768763e+00 0.000000000000000000e+00
3.514662756598240900e+00 0.000000000000000000e+00
3.519061583577713037e+00 0.000000000000000000e+00
3.523460410557185174e+00 0.000000000000000000e+00
3.527859237536657311e+00 0.000000000000000000e+00
3.532258064516129448e+00 0.000000000000000000e+00
3.536656891495601585e+00 0.000000000000000000e+00
3.541055718475073721e+00 0.000000000000000000e+00
3.545454545454545858e+00 0.000000000000000000e+00
3.549853372434017995e+00 0.000000000000000000e+00
3.554252199413490132e+00 0.000000000000000000e+00
3.558651026392962269e+00 0.000000000000000000e+00
3.563049853372434406e+00 0.000000000000000000e+00
3.567448680351906543e+00 0.000000000000000000e+00
3.571847507331378679e+00 0.000000000000000000e+00
3.576246334310850816e+00 0.000000000000000000e+00
3.580645161290322953e+00 0.000000000000000000e+00
3.585043988269795090e+00 0.000000000000000000e+00
3.589442815249267227e+00 0.000000000000000000e+00
3.593841642228739364e+00 0.000000000000000000e+00
3.598240469208211501e+00 0.000000000000000000e+00
3.602639296187683637e+00 0.000000000000000000e+00
3.607038123167155774e+00 0.000000000000000000e+00
3.611436950146627911e+00 0.000000000000000000e+00
3.615835777126100048e+00 0.000000000000000000e+00
3.620234604105572185e+00 0.000000000000000000e+00
3.624633431085044322e+00 0.000000000000000000e+00
3.629032258064516459e+00 0.000000000000000000e+00
3.633431085043988595e+00 0.000000000000000000e+00
3.637829912023460732e+00 0.000000000000000000e+00
3.642228739002932869e+00 0.000000000000000000e+00
3.646627565982405006e+00 0.000000000000000000e+00
3.651026392961877143e+00 0.000000000000000000e+00
3.655425219941349280e+00 0.000000000000000000e+00
3.659824046920821417e+00 0.000000000000000000e+00
3.664222873900293553e+00 0.000000000000000000e+00
3.668621700879765690e+00 0.000000000000000000e+00
3.673020527859237827e+00 0.000000000000000000e+00
3.677419354838709964e+00 0.000000000000000000e+00
3.681818181818182101e+00 0.000000000000000000e+00
3.686217008797654238e+00 0.000000000000000000e+00
3.690615835777126374e+00 0.000000000000000000e+00
3.695014662756598511e+00 0.000000000000000000e+00
3.699413489736070648e+00 0.000000000000000000e+00
3.703812316715542785e+00 0.000000000000000000e+00
3.708211143695014922e+00 0.000000000000000000e+00
3.712609970674487059e+00 0.000000000000000000e+00
3.717008797653959196e+00 0.000000000000000000e+00
3.721407624633431332e+00 0.000000000000000000e+00
3.725806451612903469e+00 0.000000000000000000e+00
3.730205278592375606e+00 0.000000000000000000e+00
3.734604105571847743e+00 0.000000000000000000e+00
3.739002932551319880e+00 0.000000000000000000e+00
3.743401759530792017e+00 0.000000000000000000e+00
3.747800586510264154e+00 0.000000000000000000e+00
3.752199413489736290e+00 0.000000000000000000e+00
3.756598240469208427e+00 0.000000000000000000e+00
3.760997067448680564e+00 0.000000000000000000e+00
3.765395894428152701e+00 0.000000000000000000e+00
3.769794721407624838e+00 0.000000000000000000e+00
3.774193548387096975e+00 0.000000000000000000e+00
3.778592375366569112e+00 0.000000000000000000e+00
3.782991202346041248e+00 0.000000000000000000e+00
3.787390029325513385e+00 0.000000000000000000e+00
3.791788856304985522e+00 0.000000000000000000e+00
3.796187683284457659e+00 0.000000000000000000e+00
3.800586510263929796e+00 0.000000000000000000e+00
3.804985337243401933e+00 0.000000000000000000e+00
3.809384164222874070e+00 0.000000000000000000e+00
3.813782991202346206e+00 0.000000000000000000e+00
3.818181818181818343e+00 0.000000000000000000e+00
3.822580645161290480e+00 0.000000000000000000e+00
3.826979472140762617e+00 0.000000000000000000e+00
3.831378299120235198e+00 0.000000000000000000e+00
3.835777126099707335e+00 0.000000000000000000e+00
3.840175953079179472e+00 0.000000000000000000e+00
3.844574780058651609e+00 0.000000000000000000e+00
3.848973607038123745e+00 0.000000000000000000e+00
3.853372434017595882e+00 0.000000000000000000e+00
3.857771260997068019e+00 0.000000000000000000e+00
3.862170087976540156e+00 0.000000000000000000e+00
3.866568914956012293e+00 0.000000000000000000e+00
3.870967741935484430e+00 0.000000000000000000e+00
3.875366568914956567e+00 0.000000000000000000e+00
3.879765395894428703e+00 0.000000000000000000e+00
3.884164222873900840e+00 0.000000000000000000e+00
3.888563049853372977e+00 0.000000000000000000e+00
3.892961876832845114e+00 0.000000000000000000e+00
3.897360703812317251e+00 0.000000000000000000e+00
3.901759530791789388e+00 0.000000000000000000e+00
3.906158357771261525e+00 0.000000000000000000e+00
3.910557184750733661e+00 0.000000000000000000e+00
3.914956011730205798e+00 0.000000000000000000e+00
3.919354838709677935e+00 0.000000000000000000e+00
3.923753665689150072e+00 0.000000000000000000e+00
3.928152492668622209e+00 0.000000000000000000e+00
3.932551319648094346e+00 0.000000000000000000e+00
3.936950146627566482e+00 0.000000000000000000e+00
3.941348973607038619e+00 0.000000000000000000e+00
3.945747800586510756e+00 0.000000000000000000e+00
3.950146627565982893e+00 0.000000000000000000e+00
3.954545454545455030e+00 0.000000000000000000e+00
3.958944281524927167e+00 0.000000000000000000e+00
3.963343108504399304e+00 0.000000000000000000e+00
3.967741935483871440e+00 0.000000000000000000e+00
3.972140762463343577e+00 0.000000000000000000e+00
3.976539589442815714e+00 0.000000000000000000e+00
3.980938416422287851e+00 0.000000000000000000e+00
3.985337243401759988e+00 0.000000000000000000e+00
3.989736070381232125e+00 0.000000000000000000e+00
3.994134897360704262e+00 0.000000000000000000e+00
3.998533724340176398e+00 0.000000000000000000e+00
4.002932551319648091e+00 0.000000000000000000e+00
4.007331378299120672e+00 0.000000000000000000e+00
4.011730205278592365e+00 0.000000000000000000e+00
4.016129032258064946e+00 0.000000000000000000e+00
4.020527859237536639e+00 0.000000000000000000e+00
4.024926686217009220e+00 0.000000000000000000e+00
4.029325513196480912e+00 0.000000000000000000e+00
4.033724340175953493e+00 0.000000000000000000e+00
4.038123167155425186e+00 0.000000000000000000e+00
4.042521994134897767e+00 0.000000000000000000e+00
4.046920821114369460e+00 0.000000000000000000e+00
4.051319648093842041e+00 0.000000000000000000e+00
4.055718475073314622e+00 0.000000000000000000e+00
4.060117302052786314e+00 0.000000000000000000e+00
4.064516129032258895e+00 0.000000000000000000e+00
4.068914956011730588e+00 0.000000000000000000e+00
4.073313782991203169e+00 0.000000000000000000e+00
4.077712609970674862e+00 0.000000000000000000e+00
4.082111436950147443e+00 0.000000000000000000e+00
4.086510263929619136e+00 0.000000000000000000e+00
4.090909090909091717e+00 0.000000000000000000e+00
4.095307917888563409e+00 0.000000000000000000e+00
4.099706744868035990e+00 0.000000000000000000e+00
4.104105571847507683e+00 0.000000000000000000e+00
4.108504398826980264e+00 0.000000000000000000e+00
4.112903225806451957e+00 0.000000000000000000e+00
4.117302052785924538e+00 0.000000000000000000e+00
4.121700879765396230e+00 0.000000000000000000e+00
4.126099706744868811e+00 0.000000000000000000e+00
4.130498533724340504e+00 0.000000000000000000e+00
4.134897360703813085e+00 0.000000000000000000e+00
4.139296187683284778e+00 0.000000000000000000e+00
4.143695014662757359e+00 0.000000000000000000e+00
4.148093841642229052e+00 0.000000000000000000e+00
4.152492668621701633e+00 0.000000000000000000e+00
4.156891495601173325e+00 0.000000000000000000e+00
4.161290322580645906e+00 0.000000000000000000e+00
4.165689149560117599e+00 0.000000000000000000e+00
4.170087976539590180e+00 0.000000000000000000e+00
4.174486803519061873e+00 0.000000000000000000e+00
4.178885630498534454e+00 0.000000000000000000e+00
4.183284457478006146e+00 0.000000000000000000e+00
4.187683284457478727e+00 0.000000000000000000e+00
4.192082111436950420e+00 0.000000000000000000e+00
4.196480938416423001e+00 0.000000000000000000e+00
4.200879765395894694e+00 0.000000000000000000e+00
4.205278592375367275e+00 0.000000000000000000e+00
4.209677419354838968e+00 0.000000000000000000e+00
4.214076246334311548e+00 0.000000000000000000e+00
4.218475073313783241e+00 0.000000000000000000e+00
4.222873900293255822e+00 0.000000000000000000e+00
4.227272727272727515e+00 0.000000000000000000e+00
4.231671554252200096e+00 0.000000000000000000e+00
4.236070381231671789e+00 0.000000000000000000e+00
4.240469208211144370e+00 0.000000000000000000e+00
4.244868035190616062e+00 0.000000000000000000e+00
4.249266862170088643e+00 0.000000000000000000e+00
4.253665689149560336e+00 0.000000000000000000e+00
4.258064516129032917e+00 0.000000000000000000e+00
4.262463343108504610e+00 0.000000000000000000e+00
4.266862170087977191e+00 0.000000000000000000e+00
4.271260997067448884e+00 0.000000000000000000e+00
4.275659824046921464e+00 0.000000000000000000e+00
4.280058651026393157e+00 0.000000000000000000e+00
4.284457478005865738e+00 0.000000000000000000e+00
4.288856304985337431e+00 0.000000000000000000e+00
4.293255131964810012e+00 0.000000000000000000e+00
4.297653958944281705e+00 0.000000000000000000e+00
4.302052785923754286e+00 0.000000000000000000e+00
4.306451612903225978e+00 0.000000000000000000e+00
4.310850439882698559e+00 0.000000000000000000e+00
4.315249266862170252e+00 0.000000000000000000e+00
4.319648093841642833e+00 0.000000000000000000e+00
4.324046920821114526e+00 0.000000000000000000e+00
4.328445747800587107e+00 0.000000000000000000e+00
4.332844574780058799e+00 0.000000000000000000e+00
4.337243401759531380e+00 0.000000000000000000e+00
4.341642228739003073e+00 0.000000000000000000e+00
4.346041055718475654e+00 0.000000000000000000e+00
4.350439882697947347e+00 0.000000000000000000e+00
4.354838709677419928e+00 0.000000000000000000e+00
4.359237536656891621e+00 0.000000000000000000e+00
4.363636363636364202e+00 0.000000000000000000e+00
4.368035190615835894e+00 0.000000000000000000e+00
4.372434017595308475e+00 0.000000000000000000e+00
4.376832844574780168e+00 0.000000000000000000e+00
4.381231671554252749e+00 0.000000000000000000e+00
4.385630498533724442e+00 0.000000000000000000e+00
4.390029325513197023e+00 0.000000000000000000e+00
4.394428152492668715e+00 0.000000000000000000e+00
4.398826979472141296e+00 0.000000000000000000e+00
4.403225806451612989e+00 0.000000000000000000e+00
4.407624633431085570e+00 0.000000000000000000e+00
4.412023460410557263e+00 0.000000000000000000e+00
4.416422287390029844e+00 0.000000000000000000e+00
4.420821114369501537e+00 0.000000000000000000e+00
4.425219941348974118e+00 0.000000000000000000e+00
4.429618768328445810e+00 0.000000000000000000e+00
4.434017595307918391e+00 0.000000000000000000e+00
4.438416422287390084e+00 0.000000000000000000e+00
4.442815249266862665e+00 0.000000000000000000e+00
4.447214076246334358e+00 0.000000000000000000e+00
4.451612903225806939e+00 0.000000000000000000e+00
4.456011730205278631e+00 0.000000000000000000e+00
4.460410557184751212e+00 0.000000000000000000e+00
4.464809384164222905e+00 0.000000000000000000e+00
4.469208211143695486e+00 0.000000000000000000e+00
4.473607038123167179e+00 0.000000000000000000e+00
4.478005865102639760e+00 0.000000000000000000e+00
4.482404692082111453e+00 0.000000000000000000e+00
4.486803519061584034e+00 0.000000000000000000e+00
4.491202346041055726e+00 0.000000000000000000e+00
4.495601173020528307e+00 0.000000000000000000e+00
4.500000000000000000e+00 0.000000000000000000e+00
